0 5.77051e-08 0.448614 1.1541e-12
1 5.76391e-08 0.448946 1.15465e-12
2 5.74585e-08 0.44898 1.15477e-12
3 5.73201e-08 0.449014 1.15488e-12
4 5.72851e-08 0.449048 1.15499e-12
5 5.72009e-08 0.449081 1.1551e-12
6 5.71435e-08 0.449115 1.15521e-12
7 5.71434e-08 0.449149 1.15532e-12
8 5.71798e-08 0.449183 1.15543e-12
9 5.71118e-08 0.449216 1.15554e-12
10 5.71081e-08 0.44925 1.15565e-12
11 5.70193e-08 0.449284 1.15576e-12
12 5.69991e-08 0.449318 1.15588e-12
13 5.69738e-08 0.449352 1.15599e-12
14 5.69385e-08 0.449385 1.1561e-12
15 5.69291e-08 0.449419 1.15621e-12
16 5.68451e-08 0.449453 1.15632e-12
17 5.68258e-08 0.449487 1.15643e-12
18 5.68158e-08 0.449521 1.15654e-12
19 5.68042e-08 0.449554 1.15665e-12
20 5.67652e-08 0.449588 1.15676e-12
21 5.67573e-08 0.449622 1.15687e-12
22 5.66709e-08 0.449656 1.15699e-12
23 5.66525e-08 0.449689 1.1571e-12
24 5.66412e-08 0.449723 1.15721e-12
25 5.66345e-08 0.449757 1.15732e-12
26 5.65919e-08 0.449791 1.15743e-12
27 5.65855e-08 0.449825 1.15754e-12
28 5.64967e-08 0.449858 1.15765e-12
29 5.64792e-08 0.449892 1.15776e-12
30 5.64734e-08 0.449926 1.15787e-12
31 5.64649e-08 0.44996 1.15798e-12
32 5.64454e-08 0.449993 1.1581e-12
33 5.64228e-08 0.450193 1.15843e-12
34 5.64137e-08 0.450227 1.15854e-12
35 5.63396e-08 0.45026 1.15865e-12
36 5.63224e-08 0.450294 1.15876e-12
37 5.63059e-08 0.450328 1.15887e-12
38 5.63056e-08 0.450362 1.15898e-12
39 5.62952e-08 0.450395 1.15909e-12
40 5.62462e-08 0.450429 1.15921e-12
41 5.62419e-08 0.450463 1.15932e-12
42 5.61579e-08 0.450497 1.15943e-12
43 5.61482e-08 0.450531 1.15954e-12
44 5.61378e-08 0.450564 1.15965e-12
45 5.61256e-08 0.450598 1.15976e-12
46 5.60765e-08 0.450632 1.15987e-12
47 5.60701e-08 0.450666 1.15998e-12
48 5.60558e-08 0.450699 1.16009e-12
49 5.60384e-08 0.450899 1.16043e-12
50 5.60204e-08 0.450933 1.16054e-12
51 5.59852e-08 0.450966 1.16065e-12
52 5.59837e-08 0.451166 1.16098e-12
53 5.5974e-08 0.451199 1.16109e-12
54 5.597e-08 0.451233 1.1612e-12
55 5.59559e-08 0.451267 1.16131e-12
56 5.5862e-08 0.451466 1.16165e-12
57 5.58095e-08 0.4515 1.16176e-12
58 5.56925e-08 0.451534 1.16187e-12
59 5.56662e-08 0.451568 1.16198e-12
60 5.56353e-08 0.451634 1.16209e-12
61 5.55956e-08 0.451668 1.1622e-12
62 5.55663e-08 0.451867 1.16254e-12
63 5.55419e-08 0.452066 1.16287e-12
64 5.5523e-08 0.4521 1.16298e-12
65 5.55153e-08 0.452134 1.16309e-12
66 5.55107e-08 0.452333 1.16342e-12
67 5.55088e-08 0.452367 1.16353e-12
68 5.52061e-08 0.452566 1.16387e-12
69 5.52051e-08 0.452633 1.16398e-12
70 5.51304e-08 0.452699 1.16409e-12
71 5.51192e-08 0.452899 1.16442e-12
72 5.50464e-08 0.453098 1.16476e-12
73 5.49965e-08 0.453132 1.16487e-12
74 5.48874e-08 0.453166 1.16498e-12
75 5.48242e-08 0.453199 1.16509e-12
76 5.47833e-08 0.453233 1.1652e-12
77 5.47408e-08 0.453267 1.16531e-12
78 5.47298e-08 0.453466 1.16564e-12
79 5.47284e-08 0.453533 1.16575e-12
80 5.4652e-08 0.453566 1.16587e-12
81 5.46119e-08 0.4536 1.16598e-12
82 5.45695e-08 0.453634 1.16609e-12
83 5.45417e-08 0.4537 1.1662e-12
84 5.44901e-08 0.453734 1.16631e-12
85 5.44797e-08 0.453933 1.16664e-12
86 5.44406e-08 0.454133 1.16698e-12
87 5.44156e-08 0.454167 1.16709e-12
88 5.43734e-08 0.454366 1.16742e-12
89 5.43512e-08 0.4544 1.16753e-12
90 5.42693e-08 0.454466 1.16764e-12
91 5.42365e-08 0.4545 1.16775e-12
92 5.42067e-08 0.454534 1.16786e-12
93 5.4172e-08 0.454567 1.16797e-12
94 5.41094e-08 0.454601 1.16809e-12
95 5.41003e-08 0.454933 1.16864e-12
96 5.40979e-08 0.454967 1.16875e-12
97 5.40902e-08 0.455001 1.16886e-12
98 5.40077e-08 0.4552 1.1692e-12
99 5.39383e-08 0.455234 1.16931e-12
100 5.39321e-08 0.455268 1.16942e-12
101 5.38265e-08 0.455467 1.16975e-12
102 5.37952e-08 0.455534 1.16986e-12
103 5.37718e-08 0.455567 1.16997e-12
104 5.37581e-08 0.455601 1.17008e-12
105 5.37207e-08 0.455635 1.17019e-12
106 5.3716e-08 0.455701 1.17031e-12
107 5.36987e-08 0.455735 1.17042e-12
108 5.36915e-08 0.455802 1.17053e-12
109 5.3683e-08 0.455835 1.17064e-12
110 5.35838e-08 0.456035 1.17097e-12
111 5.35837e-08 0.456068 1.17108e-12
112 5.35662e-08 0.456102 1.17119e-12
113 5.35493e-08 0.456136 1.1713e-12
114 5.35469e-08 0.456335 1.17164e-12
115 5.35268e-08 0.456369 1.17175e-12
116 5.35172e-08 0.456403 1.17186e-12
117 5.35147e-08 0.456437 1.17197e-12
118 5.34675e-08 0.45647 1.17208e-12
119 5.34618e-08 0.456504 1.17219e-12
120 5.34315e-08 0.456538 1.1723e-12
121 5.34143e-08 0.456572 1.17241e-12
122 5.33887e-08 0.456606 1.17253e-12
123 5.33767e-08 0.456639 1.17264e-12
124 5.33639e-08 0.456839 1.17297e-12
125 5.33491e-08 0.456872 1.17308e-12
126 5.33428e-08 0.456906 1.17319e-12
127 5.33216e-08 0.457106 1.17352e-12
128 5.32946e-08 0.457305 1.17386e-12
129 5.32822e-08 0.457339 1.17397e-12
130 5.32448e-08 0.457372 1.17408e-12
131 5.32143e-08 0.457406 1.17419e-12
132 5.32009e-08 0.45744 1.1743e-12
133 5.31645e-08 0.457474 1.17441e-12
134 5.31597e-08 0.457508 1.17452e-12
135 5.31583e-08 0.457574 1.17463e-12
136 5.31274e-08 0.457608 1.17475e-12
137 5.31236e-08 0.457642 1.17486e-12
138 5.31189e-08 0.457675 1.17497e-12
139 5.30753e-08 0.457742 1.17508e-12
140 5.30413e-08 0.457776 1.17519e-12
141 5.30379e-08 0.457809 1.1753e-12
142 5.30118e-08 0.457843 1.17541e-12
143 5.29992e-08 0.458042 1.17574e-12
144 5.29872e-08 0.458242 1.17608e-12
145 5.29853e-08 0.458441 1.17641e-12
146 5.29602e-08 0.458475 1.17652e-12
147 5.2956e-08 0.458509 1.17663e-12
148 5.29477e-08 0.458542 1.17674e-12
149 5.29325e-08 0.458576 1.17685e-12
150 5.29233e-08 0.458775 1.17719e-12
151 5.29092e-08 0.458975 1.17752e-12
152 5.28329e-08 0.459009 1.17763e-12
153 5.28156e-08 0.459042 1.17774e-12
154 5.2793e-08 0.459076 1.17785e-12
155 5.27379e-08 0.459275 1.17819e-12
156 5.26546e-08 0.459309 1.1783e-12
157 5.26528e-08 0.459343 1.17841e-12
158 5.2626e-08 0.459377 1.17852e-12
159 5.26222e-08 0.459443 1.17863e-12
160 5.26037e-08 0.459643 1.17896e-12
161 5.25935e-08 0.459842 1.1793e-12
162 5.2585e-08 0.459876 1.17941e-12
163 5.25784e-08 0.459909 1.17952e-12
164 5.25778e-08 0.459976 1.17963e-12
165 5.249e-08 0.46001 1.17974e-12
166 5.2489e-08 0.460209 1.18007e-12
167 5.24592e-08 0.460408 1.18041e-12
168 5.24299e-08 0.460608 1.18074e-12
169 5.24192e-08 0.460641 1.18085e-12
170 5.23904e-08 0.460675 1.18096e-12
171 5.2369e-08 0.460874 1.18129e-12
172 5.23572e-08 0.460908 1.18141e-12
173 5.2335e-08 0.460942 1.18152e-12
174 5.23106e-08 0.461141 1.18185e-12
175 5.23041e-08 0.461175 1.18196e-12
176 5.22497e-08 0.461241 1.18207e-12
177 5.22476e-08 0.461275 1.18218e-12
178 5.22444e-08 0.461475 1.18252e-12
179 5.21915e-08 0.461508 1.18263e-12
180 5.2191e-08 0.461575 1.18274e-12
181 5.21548e-08 0.461609 1.18285e-12
182 5.2148e-08 0.461808 1.18318e-12
183 5.21324e-08 0.461874 1.18329e-12
184 5.21248e-08 0.461908 1.1834e-12
185 5.21186e-08 0.461942 1.18351e-12
186 5.21143e-08 0.461976 1.18363e-12
187 5.20881e-08 0.462009 1.18374e-12
188 5.20854e-08 0.462209 1.18407e-12
189 5.20787e-08 0.462243 1.18418e-12
190 5.20715e-08 0.462442 1.18451e-12
191 5.20638e-08 0.462641 1.18485e-12
192 5.2035e-08 0.462675 1.18496e-12
193 5.20261e-08 0.462709 1.18507e-12
194 5.20201e-08 0.462775 1.18518e-12
195 5.19681e-08 0.462809 1.18529e-12
196 5.19515e-08 0.462843 1.1854e-12
197 5.19382e-08 0.463175 1.18596e-12
198 5.19333e-08 0.463374 1.18629e-12
199 5.19009e-08 0.463408 1.1864e-12
200 5.18662e-08 0.463442 1.18651e-12
201 5.18123e-08 0.463641 1.18684e-12
202 5.18037e-08 0.463675 1.18696e-12
203 5.17953e-08 0.463709 1.18707e-12
204 5.17669e-08 0.463908 1.1874e-12
205 5.17379e-08 0.463942 1.18751e-12
206 5.17047e-08 0.464274 1.18807e-12
207 5.16891e-08 0.464473 1.1884e-12
208 5.16393e-08 0.46454 1.18851e-12
209 5.16387e-08 0.464739 1.18884e-12
210 5.16386e-08 0.464805 1.18895e-12
211 5.16329e-08 0.465005 1.18929e-12
212 5.16329e-08 0.465039 1.1894e-12
213 5.16319e-08 0.465072 1.18951e-12
214 5.15974e-08 0.465106 1.18962e-12
215 5.15916e-08 0.465173 1.18973e-12
216 5.1585e-08 0.465372 1.19006e-12
217 5.15601e-08 0.465406 1.19017e-12
218 5.15568e-08 0.465472 1.19029e-12
219 5.15535e-08 0.465671 1.19062e-12
220 5.15364e-08 0.465738 1.19073e-12
221 5.15334e-08 0.465772 1.19084e-12
222 5.15207e-08 0.465805 1.19095e-12
223 5.14773e-08 0.465839 1.19106e-12
224 5.14667e-08 0.466038 1.1914e-12
225 5.14643e-08 0.466072 1.19151e-12
226 5.14292e-08 0.466106 1.19162e-12
227 5.14226e-08 0.46614 1.19173e-12
228 5.14215e-08 0.466174 1.19184e-12
229 5.14205e-08 0.466207 1.19195e-12
230 5.13824e-08 0.466241 1.19206e-12
231 5.13752e-08 0.466308 1.19217e-12
232 5.13727e-08 0.46664 1.19273e-12
233 5.13655e-08 0.466839 1.19306e-12
234 5.13122e-08 0.466873 1.19317e-12
235 5.13045e-08 0.466939 1.19328e-12
236 5.1304e-08 0.467006 1.19339e-12
237 5.13004e-08 0.467338 1.19395e-12
238 5.12957e-08 0.467372 1.19406e-12
239 5.12727e-08 0.467405 1.19417e-12
240 5.12693e-08 0.467472 1.19428e-12
241 5.12687e-08 0.467804 1.19484e-12
242 5.12507e-08 0.467838 1.19495e-12
243 5.11529e-08 0.468037 1.19528e-12
244 5.11498e-08 0.468071 1.19539e-12
245 5.11433e-08 0.468137 1.1955e-12
246 5.11299e-08 0.468171 1.19561e-12
247 5.11078e-08 0.468205 1.19572e-12
248 5.11031e-08 0.468239 1.19584e-12
249 5.11011e-08 0.468305 1.19595e-12
250 5.10642e-08 0.468339 1.19606e-12
251 5.10355e-08 0.468405 1.19617e-12
252 5.10324e-08 0.468439 1.19628e-12
253 5.10176e-08 0.468473 1.19639e-12
254 5.10064e-08 0.468507 1.1965e-12
255 5.09978e-08 0.468541 1.19661e-12
256 5.09925e-08 0.468574 1.19672e-12
257 5.09735e-08 0.468774 1.19706e-12
258 5.09613e-08 0.468973 1.19739e-12
259 5.09356e-08 0.469007 1.1975e-12
260 5.09315e-08 0.469206 1.19783e-12
261 5.09262e-08 0.46924 1.19794e-12
262 5.09173e-08 0.469274 1.19806e-12
263 5.09039e-08 0.469307 1.19817e-12
264 5.08988e-08 0.469341 1.19828e-12
265 5.08846e-08 0.46954 1.19861e-12
266 5.08835e-08 0.46974 1.19894e-12
267 5.08818e-08 0.469774 1.19905e-12
268 5.08365e-08 0.469973 1.19939e-12
269 5.08332e-08 0.470039 1.1995e-12
270 5.08264e-08 0.470073 1.19961e-12
271 5.08062e-08 0.470272 1.19994e-12
272 5.07981e-08 0.470472 1.20028e-12
273 5.07853e-08 0.470671 1.20061e-12
274 5.07659e-08 0.470705 1.20072e-12
275 5.07599e-08 0.470904 1.20105e-12
276 5.06969e-08 0.470971 1.20116e-12
277 5.06966e-08 0.47117 1.2015e-12
278 5.06895e-08 0.471204 1.20161e-12
279 5.06887e-08 0.471237 1.20172e-12
280 5.06862e-08 0.471304 1.20183e-12
281 5.06809e-08 0.471338 1.20194e-12
282 5.06804e-08 0.471537 1.20227e-12
283 5.0658e-08 0.471571 1.20238e-12
284 5.06267e-08 0.471604 1.2025e-12
285 5.06158e-08 0.471937 1.20305e-12
286 5.0605e-08 0.47197 1.20316e-12
287 5.05912e-08 0.47217 1.20349e-12
288 5.05781e-08 0.472204 1.20361e-12
289 5.05776e-08 0.472237 1.20372e-12
290 5.05616e-08 0.472271 1.20383e-12
291 5.05241e-08 0.47247 1.20416e-12
292 5.05182e-08 0.472537 1.20427e-12
293 5.05166e-08 0.472603 1.20438e-12
294 5.05033e-08 0.472637 1.20449e-12
295 5.05003e-08 0.472836 1.20483e-12
296 5.04988e-08 0.473036 1.20516e-12
297 5.04956e-08 0.473069 1.20527e-12
298 5.04924e-08 0.473136 1.20538e-12
299 5.04671e-08 0.47317 1.20549e-12
300 5.04463e-08 0.473369 1.20583e-12
301 5.0437e-08 0.473403 1.20594e-12
302 5.04344e-08 0.473437 1.20605e-12
303 5.0415e-08 0.47347 1.20616e-12
304 5.04146e-08 0.473803 1.20671e-12
305 5.04099e-08 0.473869 1.20682e-12
306 5.03923e-08 0.474068 1.20716e-12
307 5.03703e-08 0.474102 1.20727e-12
308 5.03616e-08 0.474301 1.2076e-12
309 5.036e-08 0.474335 1.20771e-12
310 5.03573e-08 0.474534 1.20805e-12
311 5.03529e-08 0.474568 1.20816e-12
312 5.03363e-08 0.474768 1.20849e-12
313 5.03115e-08 0.474801 1.2086e-12
314 5.03071e-08 0.475001 1.20893e-12
315 5.02654e-08 0.475034 1.20904e-12
316 5.02548e-08 0.475068 1.20916e-12
317 5.02354e-08 0.475268 1.20949e-12
318 5.02232e-08 0.475301 1.2096e-12
319 5.02103e-08 0.475335 1.20971e-12
320 5.02098e-08 0.475369 1.20982e-12
321 5.01781e-08 0.475568 1.21015e-12
322 5.01603e-08 0.475767 1.21049e-12
323 5.01465e-08 0.475967 1.21082e-12
324 5.0143e-08 0.476001 1.21093e-12
325 5.01362e-08 0.4762 1.21126e-12
326 5.00997e-08 0.476266 1.21138e-12
327 5.0071e-08 0.476466 1.21171e-12
328 5.00616e-08 0.476499 1.21182e-12
329 5.0024e-08 0.476832 1.21237e-12
330 5.00175e-08 0.477164 1.21293e-12
331 4.99926e-08 0.477198 1.21304e-12
332 4.99718e-08 0.477397 1.21337e-12
333 4.9968e-08 0.477463 1.21348e-12
334 4.99407e-08 0.477497 1.2136e-12
335 4.99184e-08 0.477696 1.21393e-12
336 4.99067e-08 0.477896 1.21426e-12
337 4.99012e-08 0.477929 1.21437e-12
338 4.98771e-08 0.477963 1.21448e-12
339 4.9848e-08 0.477997 1.21459e-12
340 4.98419e-08 0.478031 1.21471e-12
341 4.98259e-08 0.47823 1.21504e-12
342 4.98168e-08 0.478297 1.21515e-12
343 4.98056e-08 0.47833 1.21526e-12
344 4.98023e-08 0.47853 1.21559e-12
345 4.97963e-08 0.478729 1.21593e-12
346 4.97834e-08 0.478795 1.21604e-12
347 4.9782e-08 0.478995 1.21637e-12
348 4.97708e-08 0.479029 1.21648e-12
349 4.97707e-08 0.479228 1.21681e-12
350 4.97519e-08 0.479427 1.21715e-12
351 4.97446e-08 0.479461 1.21726e-12
352 4.97423e-08 0.47966 1.21759e-12
353 4.97359e-08 0.479694 1.2177e-12
354 4.97345e-08 0.47976 1.21781e-12
355 4.97214e-08 0.479794 1.21792e-12
356 4.97163e-08 0.479828 1.21804e-12
357 4.96986e-08 0.479894 1.21815e-12
358 4.96785e-08 0.480227 1.2187e-12
359 4.96732e-08 0.48026 1.21881e-12
360 4.96661e-08 0.48046 1.21915e-12
361 4.96652e-08 0.480494 1.21926e-12
362 4.96548e-08 0.48056 1.21937e-12
363 4.96372e-08 0.480626 1.21948e-12
364 4.96283e-08 0.480693 1.21959e-12
365 4.96257e-08 0.480727 1.2197e-12
366 4.96228e-08 0.48076 1.21981e-12
367 4.96219e-08 0.48096 1.22014e-12
368 4.95779e-08 0.480993 1.22026e-12
369 4.95684e-08 0.481027 1.22037e-12
370 4.95677e-08 0.481061 1.22048e-12
371 4.95513e-08 0.481095 1.22059e-12
372 4.95305e-08 0.481294 1.22092e-12
373 4.95201e-08 0.481328 1.22103e-12
374 4.95197e-08 0.481527 1.22137e-12
375 4.95111e-08 0.481561 1.22148e-12
376 4.9509e-08 0.481595 1.22159e-12
377 4.95025e-08 0.481629 1.2217e-12
378 4.94998e-08 0.481662 1.22181e-12
379 4.94878e-08 0.481696 1.22192e-12
380 4.94864e-08 0.48173 1.22203e-12
381 4.94831e-08 0.481764 1.22214e-12
382 4.94618e-08 0.481963 1.22248e-12
383 4.94604e-08 0.481997 1.22259e-12
384 4.94597e-08 0.482196 1.22292e-12
385 4.94588e-08 0.482263 1.22303e-12
386 4.94518e-08 0.482462 1.22336e-12
387 4.94201e-08 0.482496 1.22347e-12
388 4.94135e-08 0.482529 1.22359e-12
389 4.9401e-08 0.482596 1.2237e-12
390 4.93719e-08 0.48263 1.22381e-12
391 4.93595e-08 0.482829 1.22414e-12
392 4.93551e-08 0.483028 1.22447e-12
393 4.93546e-08 0.483095 1.22458e-12
394 4.93395e-08 0.483294 1.22492e-12
395 4.93336e-08 0.483493 1.22525e-12
396 4.93249e-08 0.483527 1.22536e-12
397 4.93239e-08 0.483561 1.22547e-12
398 4.92967e-08 0.483595 1.22558e-12
399 4.92921e-08 0.483628 1.22569e-12
400 4.92828e-08 0.483662 1.22581e-12
401 4.92646e-08 0.483696 1.22592e-12
402 4.92549e-08 0.483762 1.22603e-12
403 4.92394e-08 0.483796 1.22614e-12
404 4.92343e-08 0.483996 1.22647e-12
405 4.92333e-08 0.484029 1.22658e-12
406 4.92034e-08 0.484096 1.22669e-12
407 4.91833e-08 0.484295 1.22703e-12
408 4.91678e-08 0.484494 1.22736e-12
409 4.91647e-08 0.484561 1.22747e-12
410 4.91633e-08 0.484595 1.22758e-12
411 4.916e-08 0.484628 1.22769e-12
412 4.91557e-08 0.484662 1.2278e-12
413 4.91491e-08 0.484696 1.22791e-12
414 4.91225e-08 0.484895 1.22825e-12
415 4.91191e-08 0.484929 1.22836e-12
416 4.91137e-08 0.484963 1.22847e-12
417 4.91096e-08 0.484997 1.22858e-12
418 4.90897e-08 0.485063 1.22869e-12
419 4.90787e-08 0.485097 1.2288e-12
420 4.9075e-08 0.485163 1.22891e-12
421 4.90715e-08 0.485197 1.22902e-12
422 4.90708e-08 0.485396 1.22936e-12
423 4.90676e-08 0.485463 1.22947e-12
424 4.90596e-08 0.485662 1.2298e-12
425 4.90553e-08 0.485696 1.22991e-12
426 4.90255e-08 0.48573 1.23002e-12
427 4.90157e-08 0.485796 1.23013e-12
428 4.90055e-08 0.485995 1.23047e-12
429 4.90018e-08 0.486195 1.2308e-12
430 4.89988e-08 0.486228 1.23091e-12
431 4.89961e-08 0.486262 1.23102e-12
432 4.89825e-08 0.486296 1.23113e-12
433 4.89747e-08 0.48633 1.23124e-12
434 4.89691e-08 0.486529 1.23158e-12
435 4.89689e-08 0.486596 1.23169e-12
436 4.89617e-08 0.486795 1.23202e-12
437 4.89528e-08 0.486861 1.23213e-12
438 4.89416e-08 0.487061 1.23247e-12
439 4.89246e-08 0.487127 1.23258e-12
440 4.89182e-08 0.487193 1.23269e-12
441 4.89088e-08 0.487393 1.23302e-12
442 4.88912e-08 0.487592 1.23335e-12
443 4.88791e-08 0.487626 1.23346e-12
444 4.88564e-08 0.487692 1.23358e-12
445 4.88401e-08 0.487726 1.23369e-12
446 4.88371e-08 0.48776 1.2338e-12
447 4.88366e-08 0.487794 1.23391e-12
448 4.88322e-08 0.487827 1.23402e-12
449 4.88186e-08 0.488027 1.23435e-12
450 4.88141e-08 0.488226 1.23469e-12
451 4.88139e-08 0.48826 1.2348e-12
452 4.87876e-08 0.488326 1.23491e-12
453 4.87822e-08 0.48836 1.23502e-12
454 4.87603e-08 0.488559 1.23535e-12
455 4.87558e-08 0.488759 1.23568e-12
456 4.87553e-08 0.488792 1.2358e-12
457 4.8752e-08 0.488826 1.23591e-12
458 4.87515e-08 0.489026 1.23624e-12
459 4.87505e-08 0.489059 1.23635e-12
460 4.87271e-08 0.489093 1.23646e-12
461 4.87254e-08 0.489292 1.23679e-12
462 4.87092e-08 0.489326 1.23691e-12
463 4.86972e-08 0.48936 1.23702e-12
464 4.86931e-08 0.489394 1.23713e-12
465 4.86905e-08 0.489428 1.23724e-12
466 4.86897e-08 0.489494 1.23735e-12
467 4.86857e-08 0.489528 1.23746e-12
468 4.86532e-08 0.489727 1.23779e-12
469 4.86461e-08 0.489761 1.2379e-12
470 4.86449e-08 0.489795 1.23802e-12
471 4.86415e-08 0.489828 1.23813e-12
472 4.86406e-08 0.489895 1.23824e-12
473 4.86404e-08 0.489929 1.23835e-12
474 4.86145e-08 0.490128 1.23868e-12
475 4.86106e-08 0.490327 1.23901e-12
476 4.85887e-08 0.490527 1.23935e-12
477 4.85809e-08 0.49056 1.23946e-12
478 4.85713e-08 0.490594 1.23957e-12
479 4.85671e-08 0.490793 1.2399e-12
480 4.85418e-08 0.490993 1.24024e-12
481 4.85335e-08 0.491059 1.24035e-12
482 4.85283e-08 0.491258 1.24068e-12
483 4.85271e-08 0.491325 1.24079e-12
484 4.8527e-08 0.491391 1.2409e-12
485 4.85229e-08 0.491425 1.24101e-12
486 4.85054e-08 0.491459 1.24112e-12
487 4.85029e-08 0.491525 1.24123e-12
488 4.85008e-08 0.491559 1.24135e-12
489 4.85002e-08 0.491593 1.24146e-12
490 4.8497e-08 0.491627 1.24157e-12
491 4.84935e-08 0.49166 1.24168e-12
492 4.84887e-08 0.491727 1.24179e-12
493 4.84671e-08 0.491761 1.2419e-12
494 4.84548e-08 0.491794 1.24201e-12
495 4.84287e-08 0.491861 1.24212e-12
496 4.84283e-08 0.491895 1.24223e-12
497 4.8427e-08 0.491961 1.24234e-12
498 4.8412e-08 0.49216 1.24268e-12
499 4.84054e-08 0.492227 1.24279e-12
500 4.83897e-08 0.492261 1.2429e-12
501 4.83825e-08 0.492294 1.24301e-12
502 4.83779e-08 0.492328 1.24312e-12
503 4.83721e-08 0.492528 1.24345e-12
504 4.83628e-08 0.492594 1.24357e-12
505 4.83624e-08 0.492628 1.24368e-12
506 4.8361e-08 0.492694 1.24379e-12
507 4.83562e-08 0.492728 1.2439e-12
508 4.83511e-08 0.492762 1.24401e-12
509 4.83425e-08 0.492961 1.24434e-12
510 4.83241e-08 0.492995 1.24445e-12
511 4.83149e-08 0.493029 1.24456e-12
512 4.83049e-08 0.493228 1.2449e-12
513 4.82937e-08 0.493262 1.24501e-12
514 4.82804e-08 0.493461 1.24534e-12
515 4.82757e-08 0.49366 1.24567e-12
516 4.82713e-08 0.493694 1.24579e-12
517 4.82649e-08 0.493728 1.2459e-12
518 4.82631e-08 0.493927 1.24623e-12
519 4.82583e-08 0.493961 1.24634e-12
520 4.82564e-08 0.493995 1.24645e-12
521 4.82495e-08 0.494194 1.24678e-12
522 4.82439e-08 0.494393 1.24712e-12
523 4.82404e-08 0.49446 1.24723e-12
524 4.82212e-08 0.494526 1.24734e-12
525 4.82211e-08 0.49456 1.24745e-12
526 4.8206e-08 0.494759 1.24778e-12
527 4.81934e-08 0.494959 1.24812e-12
528 4.81927e-08 0.494992 1.24823e-12
529 4.81895e-08 0.495059 1.24834e-12
530 4.81596e-08 0.495258 1.24867e-12
531 4.81594e-08 0.495325 1.24878e-12
532 4.81551e-08 0.495358 1.24889e-12
533 4.8152e-08 0.495558 1.24923e-12
534 4.81498e-08 0.495757 1.24956e-12
535 4.81377e-08 0.495791 1.24967e-12
536 4.81289e-08 0.495825 1.24978e-12
537 4.81247e-08 0.496024 1.25011e-12
538 4.80894e-08 0.496223 1.25045e-12
539 4.80864e-08 0.496257 1.25056e-12
540 4.80808e-08 0.496323 1.25067e-12
541 4.8071e-08 0.496357 1.25078e-12
542 4.8067e-08 0.496424 1.25089e-12
543 4.80641e-08 0.496623 1.25122e-12
544 4.8042e-08 0.496657 1.25134e-12
545 4.80392e-08 0.496856 1.25167e-12
546 4.80268e-08 0.497055 1.252e-12
547 4.80263e-08 0.497122 1.25211e-12
548 4.8014e-08 0.497156 1.25222e-12
549 4.80091e-08 0.497355 1.25256e-12
550 4.7994e-08 0.497421 1.25267e-12
551 4.79769e-08 0.497621 1.253e-12
552 4.79645e-08 0.49782 1.25333e-12
553 4.79642e-08 0.498019 1.25367e-12
554 4.79586e-08 0.498219 1.254e-12
555 4.79552e-08 0.498252 1.25411e-12
556 4.79519e-08 0.498452 1.25444e-12
557 4.79205e-08 0.498518 1.25455e-12
558 4.79066e-08 0.498552 1.25467e-12
559 4.79007e-08 0.498751 1.255e-12
560 4.78932e-08 0.498951 1.25533e-12
561 4.78915e-08 0.49915 1.25566e-12
562 4.78841e-08 0.499184 1.25578e-12
563 4.78839e-08 0.499217 1.25589e-12
564 4.78786e-08 0.499417 1.25622e-12
565 4.7851e-08 0.499483 1.25633e-12
566 4.78485e-08 0.499682 1.25666e-12
567 4.78314e-08 0.499716 1.25677e-12
568 4.77925e-08 0.49975 1.25689e-12
569 4.7786e-08 0.499949 1.25722e-12
570 4.77607e-08 0.500016 1.25733e-12
571 4.77516e-08 0.500082 1.25744e-12
572 4.77438e-08 0.500116 1.25755e-12
573 4.77307e-08 0.50015 1.25766e-12
574 4.77297e-08 0.500216 1.25777e-12
575 4.77283e-08 0.500283 1.25788e-12
576 4.77114e-08 0.500482 1.25822e-12
577 4.76816e-08 0.500516 1.25833e-12
578 4.76793e-08 0.500582 1.25844e-12
579 4.76778e-08 0.500649 1.25855e-12
580 4.76577e-08 0.500682 1.25866e-12
581 4.76492e-08 0.500716 1.25877e-12
582 4.76425e-08 0.500915 1.25911e-12
583 4.76252e-08 0.501115 1.25944e-12
584 4.76236e-08 0.501149 1.25955e-12
585 4.76221e-08 0.501182 1.25966e-12
586 4.76165e-08 0.501382 1.25999e-12
587 4.75945e-08 0.501415 1.2601e-12
588 4.75866e-08 0.501482 1.26022e-12
589 4.75827e-08 0.501548 1.26033e-12
590 4.75711e-08 0.501582 1.26044e-12
591 4.75539e-08 0.501781 1.26077e-12
592 4.75512e-08 0.501981 1.2611e-12
593 4.75492e-08 0.50218 1.26144e-12
594 4.75429e-08 0.502379 1.26177e-12
595 4.75387e-08 0.502413 1.26188e-12
596 4.75309e-08 0.502447 1.26199e-12
597 4.7512e-08 0.502646 1.26232e-12
598 4.75071e-08 0.502846 1.26266e-12
599 4.74952e-08 0.502879 1.26277e-12
600 4.7467e-08 0.502913 1.26288e-12
601 4.74638e-08 0.503112 1.26321e-12
602 4.74564e-08 0.503146 1.26332e-12
603 4.74488e-08 0.50318 1.26343e-12
604 4.74483e-08 0.503379 1.26377e-12
605 4.74412e-08 0.503579 1.2641e-12
606 4.74407e-08 0.503612 1.26421e-12
607 4.74362e-08 0.503679 1.26432e-12
608 4.74286e-08 0.503713 1.26443e-12
609 4.74138e-08 0.503912 1.26477e-12
610 4.74071e-08 0.503946 1.26488e-12
611 4.74029e-08 0.504145 1.26521e-12
612 4.73999e-08 0.504344 1.26554e-12
613 4.7366e-08 0.504544 1.26588e-12
614 4.73513e-08 0.504577 1.26599e-12
615 4.73498e-08 0.504777 1.26632e-12
616 4.73365e-08 0.50481 1.26643e-12
617 4.73363e-08 0.504877 1.26654e-12
618 4.73345e-08 0.504911 1.26665e-12
619 4.73327e-08 0.504944 1.26676e-12
620 4.73306e-08 0.504978 1.26688e-12
621 4.73214e-08 0.505178 1.26721e-12
622 4.73138e-08 0.505211 1.26732e-12
623 4.73098e-08 0.505411 1.26765e-12
624 4.7296e-08 0.505444 1.26776e-12
625 4.7293e-08 0.505478 1.26787e-12
626 4.72928e-08 0.505512 1.26799e-12
627 4.72892e-08 0.505578 1.2681e-12
628 4.72837e-08 0.505612 1.26821e-12
629 4.7267e-08 0.505812 1.26854e-12
630 4.72611e-08 0.505845 1.26865e-12
631 4.72587e-08 0.505879 1.26876e-12
632 4.72449e-08 0.505913 1.26887e-12
633 4.72322e-08 0.505947 1.26899e-12
634 4.71933e-08 0.506013 1.2691e-12
635 4.71898e-08 0.506212 1.26943e-12
636 4.71823e-08 0.506246 1.26954e-12
637 4.71786e-08 0.50628 1.26965e-12
638 4.7173e-08 0.506314 1.26976e-12
639 4.71702e-08 0.50638 1.26987e-12
640 4.71693e-08 0.506579 1.27021e-12
641 4.71664e-08 0.506613 1.27032e-12
642 4.7166e-08 0.506813 1.27065e-12
643 4.71656e-08 0.506846 1.27076e-12
644 4.71635e-08 0.50688 1.27087e-12
645 4.71609e-08 0.507079 1.27121e-12
646 4.7151e-08 0.507279 1.27154e-12
647 4.71423e-08 0.507478 1.27187e-12
648 4.71399e-08 0.507545 1.27198e-12
649 4.71227e-08 0.507877 1.27254e-12
650 4.71009e-08 0.508209 1.27309e-12
651 4.70989e-08 0.508408 1.27343e-12
652 4.70795e-08 0.508442 1.27354e-12
653 4.70794e-08 0.508476 1.27365e-12
654 4.70755e-08 0.50851 1.27376e-12
655 4.70726e-08 0.508576 1.27387e-12
656 4.70482e-08 0.50861 1.27398e-12
657 4.70296e-08 0.508644 1.27409e-12
658 4.70036e-08 0.50871 1.2742e-12
659 4.69949e-08 0.508776 1.27431e-12
660 4.69946e-08 0.50881 1.27442e-12
661 4.69627e-08 0.509009 1.27476e-12
662 4.69623e-08 0.509209 1.27509e-12
663 4.69535e-08 0.509243 1.2752e-12
664 4.69478e-08 0.509276 1.27531e-12
665 4.69435e-08 0.50931 1.27542e-12
666 4.69276e-08 0.509362 1.27553e-12
667 4.69189e-08 0.509562 1.27587e-12
668 4.69081e-08 0.509595 1.27598e-12
669 4.69056e-08 0.509795 1.27631e-12
670 4.68947e-08 0.509828 1.27642e-12
671 4.68899e-08 0.509862 1.27653e-12
672 4.68735e-08 0.509896 1.27664e-12
673 4.6872e-08 0.510095 1.27698e-12
674 4.68656e-08 0.510295 1.27731e-12
675 4.68608e-08 0.510361 1.27742e-12
676 4.68364e-08 0.51056 1.27775e-12
677 4.6836e-08 0.510612 1.27787e-12
678 4.67949e-08 0.510679 1.27798e-12
679 4.67867e-08 0.510713 1.27809e-12
680 4.67787e-08 0.510912 1.27842e-12
681 4.67729e-08 0.510946 1.27853e-12
682 4.67714e-08 0.511145 1.27886e-12
683 4.67636e-08 0.511344 1.2792e-12
684 4.67619e-08 0.511378 1.27931e-12
685 4.67493e-08 0.511445 1.27942e-12
686 4.67436e-08 0.511478 1.27953e-12
687 4.67417e-08 0.511545 1.27964e-12
688 4.67332e-08 0.511611 1.27975e-12
689 4.67288e-08 0.511645 1.27986e-12
690 4.6714e-08 0.511711 1.27997e-12
691 4.67135e-08 0.511911 1.28031e-12
692 4.67008e-08 0.51211 1.28064e-12
693 4.66881e-08 0.512144 1.28075e-12
694 4.66806e-08 0.51221 1.28086e-12
695 4.66731e-08 0.51241 1.2812e-12
696 4.66704e-08 0.512476 1.28131e-12
697 4.66686e-08 0.512808 1.28186e-12
698 4.66549e-08 0.512875 1.28197e-12
699 4.66295e-08 0.512941 1.28208e-12
700 4.66092e-08 0.51314 1.28242e-12
701 4.65953e-08 0.513192 1.28253e-12
702 4.6587e-08 0.513552 1.28329e-12
703 4.65774e-08 0.513586 1.2834e-12
704 4.65721e-08 0.513918 1.28395e-12
705 4.6571e-08 0.514117 1.28429e-12
706 4.65651e-08 0.514317 1.28462e-12
707 4.65648e-08 0.514383 1.28473e-12
708 4.6548e-08 0.514582 1.28506e-12
709 4.65435e-08 0.514616 1.28517e-12
710 4.65382e-08 0.51465 1.28529e-12
711 4.65215e-08 0.514684 1.2854e-12
712 4.65194e-08 0.51475 1.28551e-12
713 4.65152e-08 0.515082 1.28606e-12
714 4.64999e-08 0.515282 1.2864e-12
715 4.64984e-08 0.515481 1.28673e-12
716 4.64913e-08 0.515547 1.28684e-12
717 4.64869e-08 0.515747 1.28717e-12
718 4.64839e-08 0.515813 1.28728e-12
719 4.64834e-08 0.51588 1.28739e-12
720 4.64718e-08 0.515946 1.28751e-12
721 4.64678e-08 0.516145 1.28784e-12
722 4.64567e-08 0.516197 1.28795e-12
723 4.64535e-08 0.516231 1.28806e-12
724 4.64498e-08 0.516265 1.28817e-12
725 4.64417e-08 0.516331 1.28828e-12
726 4.64351e-08 0.516531 1.28862e-12
727 4.64138e-08 0.516597 1.28873e-12
728 4.64063e-08 0.516664 1.28884e-12
729 4.6401e-08 0.51673 1.28895e-12
730 4.63691e-08 0.516764 1.28906e-12
731 4.63661e-08 0.517096 1.28961e-12
732 4.63655e-08 0.517295 1.28995e-12
733 4.6365e-08 0.517495 1.29028e-12
734 4.63644e-08 0.517561 1.29039e-12
735 4.63618e-08 0.51776 1.29072e-12
736 4.63507e-08 0.51796 1.29106e-12
737 4.63437e-08 0.518026 1.29117e-12
738 4.63362e-08 0.518093 1.29128e-12
739 4.63079e-08 0.518159 1.29139e-12
740 4.62949e-08 0.518225 1.2915e-12
741 4.62849e-08 0.518292 1.29161e-12
742 4.62736e-08 0.518358 1.29172e-12
743 4.62661e-08 0.518418 1.29188e-12
744 4.62655e-08 0.518485 1.29199e-12
745 4.62544e-08 0.518551 1.2921e-12
746 4.62523e-08 0.518585 1.29221e-12
747 4.62464e-08 0.518784 1.29254e-12
748 4.62387e-08 0.518851 1.29265e-12
749 4.62378e-08 0.51905 1.29299e-12
750 4.62248e-08 0.519084 1.2931e-12
751 4.6196e-08 0.51915 1.29321e-12
752 4.61824e-08 0.519217 1.29332e-12
753 4.61712e-08 0.519283 1.29343e-12
754 4.61662e-08 0.519483 1.29376e-12
755 4.61547e-08 0.519549 1.29387e-12
756 4.61469e-08 0.519615 1.29398e-12
757 4.61412e-08 0.519815 1.29432e-12
758 4.61384e-08 0.519857 1.29447e-12
759 4.61365e-08 0.51989 1.29458e-12
760 4.6131e-08 0.519924 1.29469e-12
761 4.61259e-08 0.520123 1.29502e-12
762 4.6124e-08 0.520183 1.29518e-12
763 4.61008e-08 0.520383 1.29551e-12
764 4.6086e-08 0.520417 1.29562e-12
765 4.60852e-08 0.520483 1.29573e-12
766 4.60823e-08 0.520517 1.29584e-12
767 4.60813e-08 0.520551 1.29595e-12
768 4.60672e-08 0.520584 1.29606e-12
769 4.60555e-08 0.5208 1.29652e-12
770 4.60553e-08 0.520867 1.29663e-12
771 4.60545e-08 0.5209 1.29674e-12
772 4.60422e-08 0.520934 1.29685e-12
773 4.60406e-08 0.521001 1.29696e-12
774 4.60377e-08 0.521067 1.29708e-12
775 4.60174e-08 0.521101 1.29719e-12
776 4.60159e-08 0.521135 1.2973e-12
777 4.60145e-08 0.521201 1.29741e-12
778 4.60116e-08 0.521235 1.29752e-12
779 4.60115e-08 0.521269 1.29763e-12
780 4.60081e-08 0.521302 1.29774e-12
781 4.59935e-08 0.521336 1.29785e-12
782 4.59899e-08 0.521378 1.298e-12
783 4.59664e-08 0.521412 1.29812e-12
784 4.59548e-08 0.521446 1.29823e-12
785 4.59513e-08 0.521512 1.29834e-12
786 4.59458e-08 0.521728 1.29879e-12
787 4.59195e-08 0.521794 1.29891e-12
788 4.59138e-08 0.52201 1.29936e-12
789 4.59133e-08 0.522076 1.29947e-12
790 4.59072e-08 0.522276 1.29981e-12
791 4.58812e-08 0.52231 1.29992e-12
792 4.58696e-08 0.522509 1.30025e-12
793 4.58378e-08 0.522725 1.30071e-12
794 4.58276e-08 0.522758 1.30082e-12
795 4.5816e-08 0.522958 1.30115e-12
796 4.58047e-08 0.523024 1.30126e-12
797 4.57995e-08 0.523058 1.30137e-12
798 4.57901e-08 0.523124 1.30148e-12
799 4.57881e-08 0.523158 1.30159e-12
800 4.57714e-08 0.523192 1.3017e-12
801 4.57698e-08 0.523391 1.30204e-12
802 4.57596e-08 0.523458 1.30215e-12
803 4.57549e-08 0.523657 1.30248e-12
804 4.57536e-08 0.523723 1.30259e-12
805 4.57473e-08 0.523795 1.30274e-12
806 4.57457e-08 0.523862 1.30286e-12
807 4.57274e-08 0.523928 1.30297e-12
808 4.57218e-08 0.523962 1.30308e-12
809 4.57166e-08 0.524178 1.30353e-12
810 4.57165e-08 0.524244 1.30364e-12
811 4.57143e-08 0.524444 1.30398e-12
812 4.5711e-08 0.524643 1.30431e-12
813 4.57037e-08 0.524677 1.30442e-12
814 4.57017e-08 0.52471 1.30453e-12
815 4.56944e-08 0.525043 1.30509e-12
816 4.56924e-08 0.525242 1.30542e-12
817 4.56754e-08 0.525441 1.30575e-12
818 4.56734e-08 0.525657 1.30621e-12
819 4.56719e-08 0.525691 1.30632e-12
820 4.56682e-08 0.525907 1.30678e-12
821 4.56675e-08 0.525959 1.30689e-12
822 4.56671e-08 0.525993 1.307e-12
823 4.56624e-08 0.526026 1.30711e-12
824 4.56322e-08 0.526226 1.30744e-12
825 4.56058e-08 0.526425 1.30778e-12
826 4.56042e-08 0.526757 1.30833e-12
827 4.56038e-08 0.526791 1.30844e-12
828 4.5595e-08 0.52699 1.30878e-12
829 4.55625e-08 0.527024 1.30889e-12
830 4.55545e-08 0.527058 1.309e-12
831 4.55467e-08 0.527092 1.30911e-12
832 4.55425e-08 0.527291 1.30944e-12
833 4.55307e-08 0.527325 1.30955e-12
834 4.55208e-08 0.527391 1.30966e-12
835 4.55141e-08 0.52759 1.31e-12
836 4.55001e-08 0.52779 1.31033e-12
837 4.54942e-08 0.527823 1.31044e-12
838 4.54875e-08 0.52789 1.31055e-12
839 4.54848e-08 0.527956 1.31066e-12
840 4.54777e-08 0.528023 1.31077e-12
841 4.54742e-08 0.528239 1.31123e-12
842 4.54595e-08 0.528454 1.31169e-12
843 4.5459e-08 0.528488 1.3118e-12
844 4.54436e-08 0.528688 1.31213e-12
845 4.54341e-08 0.528721 1.31224e-12
846 4.5426e-08 0.528755 1.31235e-12
847 4.54155e-08 0.528954 1.31268e-12
848 4.54113e-08 0.529154 1.31302e-12
849 4.541e-08 0.529226 1.31317e-12
850 4.5407e-08 0.529259 1.31328e-12
851 4.5399e-08 0.529326 1.31339e-12
852 4.53918e-08 0.52936 1.3135e-12
853 4.53848e-08 0.529559 1.31384e-12
854 4.53813e-08 0.529593 1.31395e-12
855 4.5377e-08 0.529626 1.31406e-12
856 4.5372e-08 0.52966 1.31417e-12
857 4.53635e-08 0.529694 1.31428e-12
858 4.53617e-08 0.52976 1.31439e-12
859 4.53615e-08 0.529794 1.3145e-12
860 4.53511e-08 0.529994 1.31483e-12
861 4.53433e-08 0.530027 1.31495e-12
862 4.53359e-08 0.530243 1.3154e-12
863 4.53321e-08 0.530277 1.31551e-12
864 4.53293e-08 0.530311 1.31562e-12
865 4.53127e-08 0.530377 1.31573e-12
866 4.53063e-08 0.530411 1.31585e-12
867 4.53025e-08 0.53061 1.31618e-12
868 4.53011e-08 0.530942 1.31673e-12
869 4.52992e-08 0.531014 1.31689e-12
870 4.52946e-08 0.531081 1.317e-12
871 4.52819e-08 0.531115 1.31711e-12
872 4.528e-08 0.531314 1.31744e-12
873 4.5257e-08 0.531386 1.31759e-12
874 4.52479e-08 0.531585 1.31793e-12
875 4.52437e-08 0.531619 1.31804e-12
876 4.52278e-08 0.531691 1.31819e-12
877 4.52249e-08 0.531725 1.3183e-12
878 4.52187e-08 0.531924 1.31863e-12
879 4.52096e-08 0.532123 1.31897e-12
880 4.52066e-08 0.53219 1.31908e-12
881 4.52018e-08 0.532223 1.31919e-12
882 4.52005e-08 0.53229 1.3193e-12
883 4.51992e-08 0.532506 1.31976e-12
884 4.51985e-08 0.532572 1.31987e-12
885 4.51982e-08 0.532606 1.31998e-12
886 4.51951e-08 0.532805 1.32031e-12
887 4.51919e-08 0.532872 1.32042e-12
888 4.51863e-08 0.533088 1.32088e-12
889 4.51847e-08 0.533287 1.32121e-12
890 4.51829e-08 0.533353 1.32132e-12
891 4.51753e-08 0.533553 1.32165e-12
892 4.51635e-08 0.533768 1.32211e-12
893 4.51628e-08 0.533802 1.32222e-12
894 4.51625e-08 0.533869 1.32233e-12
895 4.51456e-08 0.534068 1.32267e-12
896 4.51326e-08 0.534284 1.32312e-12
897 4.51317e-08 0.534483 1.32345e-12
898 4.51215e-08 0.534549 1.32357e-12
899 4.51089e-08 0.534616 1.32368e-12
900 4.51039e-08 0.534682 1.32379e-12
901 4.50962e-08 0.534716 1.3239e-12
902 4.50934e-08 0.53475 1.32401e-12
903 4.50924e-08 0.534784 1.32412e-12
904 4.50855e-08 0.534817 1.32423e-12
905 4.50631e-08 0.534884 1.32434e-12
906 4.50617e-08 0.534918 1.32445e-12
907 4.50616e-08 0.534984 1.32456e-12
908 4.50616e-08 0.535051 1.32468e-12
909 4.50611e-08 0.535084 1.32479e-12
910 4.50585e-08 0.535118 1.3249e-12
911 4.50568e-08 0.535185 1.32501e-12
912 4.5048e-08 0.535251 1.32512e-12
913 4.50455e-08 0.535317 1.32523e-12
914 4.50437e-08 0.535517 1.32556e-12
915 4.50415e-08 0.535577 1.32572e-12
916 4.50346e-08 0.535776 1.32605e-12
917 4.50274e-08 0.535848 1.3262e-12
918 4.50269e-08 0.536047 1.32653e-12
919 4.50212e-08 0.536114 1.32665e-12
920 4.50171e-08 0.536148 1.32676e-12
921 4.50148e-08 0.536347 1.32709e-12
922 4.50029e-08 0.536546 1.32742e-12
923 4.50015e-08 0.536762 1.32788e-12
924 4.49916e-08 0.536828 1.32799e-12
925 4.49915e-08 0.537044 1.32845e-12
926 4.49828e-08 0.537104 1.3286e-12
927 4.49731e-08 0.537304 1.32893e-12
928 4.49705e-08 0.537503 1.32926e-12
929 4.4967e-08 0.537569 1.32937e-12
930 4.49651e-08 0.537785 1.32983e-12
931 4.49558e-08 0.537819 1.32994e-12
932 4.49523e-08 0.537853 1.33005e-12
933 4.4948e-08 0.538052 1.33039e-12
934 4.49479e-08 0.538118 1.3305e-12
935 4.49306e-08 0.53819 1.33065e-12
936 4.49237e-08 0.538224 1.33076e-12
937 4.49153e-08 0.538291 1.33087e-12
938 4.49139e-08 0.538324 1.33098e-12
939 4.49128e-08 0.538358 1.33109e-12
940 4.49103e-08 0.538557 1.33143e-12
941 4.49099e-08 0.538591 1.33154e-12
942 4.49079e-08 0.538658 1.33165e-12
943 4.48986e-08 0.538857 1.33198e-12
944 4.48874e-08 0.538891 1.33209e-12
945 4.48829e-08 0.538957 1.3322e-12
946 4.48632e-08 0.539156 1.33254e-12
947 4.48577e-08 0.539223 1.33265e-12
948 4.48545e-08 0.539265 1.3328e-12
949 4.4842e-08 0.539481 1.33326e-12
950 4.48398e-08 0.539547 1.33337e-12
951 4.48397e-08 0.539613 1.33348e-12
952 4.48352e-08 0.539813 1.33381e-12
953 4.48283e-08 0.539879 1.33392e-12
954 4.48263e-08 0.539913 1.33403e-12
955 4.48185e-08 0.539979 1.33424e-12
956 4.48098e-08 0.540013 1.33435e-12
957 4.48079e-08 0.540212 1.33468e-12
958 4.48052e-08 0.540412 1.33502e-12
959 4.47942e-08 0.540628 1.33547e-12
960 4.47913e-08 0.540661 1.33558e-12
961 4.47872e-08 0.540861 1.33592e-12
962 4.47836e-08 0.540927 1.33603e-12
963 4.47709e-08 0.541143 1.33648e-12
964 4.47543e-08 0.541342 1.33682e-12
965 4.47468e-08 0.541541 1.33715e-12
966 4.4733e-08 0.541575 1.33726e-12
967 4.47266e-08 0.541642 1.33737e-12
968 4.47258e-08 0.541714 1.33752e-12
969 4.47234e-08 0.541913 1.33786e-12
970 4.47215e-08 0.542112 1.33819e-12
971 4.47207e-08 0.542154 1.33834e-12
972 4.47105e-08 0.542221 1.33845e-12
973 4.46995e-08 0.542287 1.33857e-12
974 4.46824e-08 0.542647 1.33933e-12
975 4.46624e-08 0.542713 1.33944e-12
976 4.46478e-08 0.542929 1.33989e-12
977 4.46375e-08 0.543145 1.34035e-12
978 4.46216e-08 0.543344 1.34068e-12
979 4.46169e-08 0.543396 1.34079e-12
980 4.46089e-08 0.543463 1.3409e-12
981 4.46075e-08 0.543529 1.34101e-12
982 4.45994e-08 0.543601 1.34117e-12
983 4.45959e-08 0.543933 1.34172e-12
984 4.4594e-08 0.544 1.34183e-12
985 4.45869e-08 0.544033 1.34194e-12
986 4.45834e-08 0.544067 1.34205e-12
987 4.45792e-08 0.544101 1.34217e-12
988 4.45789e-08 0.544317 1.34262e-12
989 4.45696e-08 0.54435 1.34273e-12
990 4.45433e-08 0.54455 1.34307e-12
991 4.45413e-08 0.54461 1.34322e-12
992 4.4511e-08 0.544676 1.34333e-12
993 4.45068e-08 0.544743 1.34344e-12
994 4.45052e-08 0.544776 1.34355e-12
995 4.45008e-08 0.54481 1.34366e-12
996 4.44866e-08 0.544844 1.34377e-12
997 4.44864e-08 0.54491 1.34388e-12
998 4.44784e-08 0.544944 1.344e-12
999 4.44693e-08 0.545016 1.34415e-12
1000 4.44633e-08 0.545058 1.3443e-12
1001 4.44557e-08 0.545092 1.34441e-12
1002 4.44553e-08 0.545308 1.34487e-12
1003 4.44497e-08 0.545341 1.34498e-12
1004 4.44441e-08 0.545375 1.34509e-12
1005 4.44379e-08 0.545442 1.3452e-12
1006 4.44327e-08 0.545475 1.34531e-12
1007 4.44314e-08 0.545509 1.34542e-12
1008 4.44278e-08 0.545708 1.34575e-12
1009 4.45318e-08 0.54575 1.34591e-12
1010 4.44501e-08 0.545966 1.34636e-12
1011 4.44239e-08 0.546165 1.3467e-12
1012 4.44233e-08 0.546365 1.34703e-12
1013 4.442e-08 0.546407 1.34718e-12
1014 4.44193e-08 0.546606 1.34751e-12
1015 4.44163e-08 0.546805 1.34785e-12
1016 4.4407e-08 0.546847 1.348e-12
1017 4.43962e-08 0.546881 1.34811e-12
1018 4.43956e-08 0.54708 1.34844e-12
1019 4.43934e-08 0.547147 1.34855e-12
1020 4.43871e-08 0.547213 1.34866e-12
1021 4.43841e-08 0.547429 1.34912e-12
1022 4.43786e-08 0.547463 1.34923e-12
1023 4.43777e-08 0.547662 1.34957e-12
1024 4.43774e-08 0.547728 1.34968e-12
1025 4.4372e-08 0.54777 1.34983e-12
1026 4.43683e-08 0.547812 1.34998e-12
1027 4.43665e-08 0.548144 1.35054e-12
1028 4.43591e-08 0.548178 1.35065e-12
1029 4.43475e-08 0.548212 1.35076e-12
1030 4.43453e-08 0.548411 1.35109e-12
1031 4.4325e-08 0.548478 1.3512e-12
1032 4.4323e-08 0.548519 1.35135e-12
1033 4.43215e-08 0.548553 1.35146e-12
1034 4.43195e-08 0.548885 1.35202e-12
1035 4.43118e-08 0.549218 1.35257e-12
1036 4.43076e-08 0.549251 1.35269e-12
1037 4.42955e-08 0.549318 1.3528e-12
1038 4.42796e-08 0.549352 1.35291e-12
1039 4.42781e-08 0.549684 1.35346e-12
1040 4.4281e-08 0.549756 1.35361e-12
1041 4.42697e-08 0.550088 1.35417e-12
1042 4.42504e-08 0.55013 1.35432e-12
1043 4.42485e-08 0.550196 1.35443e-12
1044 4.42474e-08 0.550528 1.35499e-12
1045 4.42443e-08 0.550595 1.3551e-12
1046 4.42315e-08 0.550811 1.35555e-12
1047 4.42307e-08 0.550844 1.35567e-12
1048 4.42284e-08 0.55106 1.35612e-12
1049 4.42245e-08 0.551102 1.35627e-12
1050 4.42115e-08 0.551144 1.35643e-12
1051 4.41819e-08 0.55121 1.35654e-12
1052 4.41816e-08 0.551252 1.35669e-12
1053 4.41793e-08 0.551286 1.3568e-12
1054 4.41779e-08 0.551328 1.35695e-12
1055 4.41766e-08 0.551362 1.35706e-12
1056 4.41741e-08 0.551395 1.35717e-12
1057 4.41607e-08 0.551429 1.35729e-12
1058 4.41561e-08 0.551463 1.3574e-12
1059 4.41547e-08 0.551679 1.35785e-12
1060 4.41541e-08 0.551713 1.35796e-12
1061 4.41515e-08 0.551754 1.35812e-12
1062 4.41495e-08 0.551788 1.35823e-12
1063 4.41483e-08 0.551988 1.35856e-12
1064 4.41481e-08 0.552021 1.35867e-12
1065 4.41362e-08 0.552073 1.35878e-12
1066 4.41354e-08 0.552273 1.35911e-12
1067 4.41342e-08 0.552488 1.35957e-12
1068 4.4134e-08 0.552555 1.35968e-12
1069 4.41335e-08 0.552771 1.36014e-12
1070 4.41333e-08 0.552805 1.36025e-12
1071 4.41199e-08 0.55302 1.36071e-12
1072 4.41113e-08 0.553054 1.36082e-12
1073 4.41076e-08 0.553253 1.36115e-12
1074 4.41038e-08 0.553295 1.3613e-12
1075 4.41012e-08 0.553362 1.36141e-12
1076 4.40849e-08 0.553694 1.36197e-12
1077 4.40838e-08 0.553728 1.36208e-12
1078 4.40798e-08 0.553927 1.36241e-12
1079 4.40793e-08 0.553993 1.36252e-12
1080 4.40751e-08 0.554209 1.36298e-12
1081 4.40643e-08 0.554243 1.36309e-12
1082 4.40642e-08 0.554277 1.3632e-12
1083 4.40626e-08 0.554343 1.36331e-12
1084 4.40611e-08 0.55441 1.36342e-12
1085 4.40466e-08 0.554476 1.36363e-12
1086 4.40331e-08 0.554692 1.36409e-12
1087 4.40196e-08 0.554891 1.36442e-12
1088 4.40097e-08 0.554933 1.36457e-12
1089 4.40084e-08 0.555149 1.36503e-12
1090 4.40004e-08 0.555183 1.36514e-12
1091 4.39941e-08 0.555224 1.36529e-12
1092 4.39914e-08 0.55544 1.36575e-12
1093 4.39741e-08 0.555507 1.36586e-12
1094 4.39576e-08 0.55554 1.36597e-12
1095 4.39478e-08 0.555582 1.36612e-12
1096 4.39356e-08 0.555782 1.36645e-12
1097 4.39355e-08 0.555997 1.36691e-12
1098 4.39342e-08 0.556213 1.36737e-12
1099 4.39301e-08 0.556255 1.36752e-12
1100 4.39296e-08 0.556322 1.36763e-12
1101 4.39156e-08 0.556388 1.36774e-12
1102 4.39148e-08 0.556587 1.36807e-12
1103 4.3903e-08 0.556629 1.36823e-12
1104 4.39015e-08 0.556701 1.36838e-12
1105 4.38891e-08 0.556735 1.36849e-12
1106 4.38871e-08 0.556777 1.36864e-12
1107 4.38841e-08 0.55681 1.36875e-12
1108 4.38721e-08 0.556844 1.36886e-12
1109 4.38689e-08 0.556886 1.36902e-12
1110 4.38605e-08 0.557085 1.36935e-12
1111 4.3858e-08 0.557119 1.36946e-12
1112 4.38511e-08 0.557319 1.36979e-12
1113 4.38494e-08 0.557534 1.37025e-12
1114 4.38439e-08 0.557568 1.37036e-12
1115 4.38293e-08 0.55761 1.37051e-12
1116 4.38268e-08 0.557652 1.37066e-12
1117 4.382e-08 0.557718 1.37077e-12
1118 4.3815e-08 0.55779 1.37093e-12
1119 4.38147e-08 0.557824 1.37104e-12
1120 4.3814e-08 0.55804 1.37149e-12
1121 4.38132e-08 0.558112 1.37165e-12
1122 4.38015e-08 0.558328 1.3721e-12
1123 4.37987e-08 0.558527 1.37244e-12
1124 4.37964e-08 0.558569 1.37259e-12
1125 4.37865e-08 0.558785 1.37304e-12
1126 4.3775e-08 0.559 1.3735e-12
1127 4.37686e-08 0.559034 1.37361e-12
1128 4.37565e-08 0.55925 1.37407e-12
1129 4.37535e-08 0.559466 1.37452e-12
1130 4.37449e-08 0.559682 1.37498e-12
1131 4.37428e-08 0.559748 1.37509e-12
1132 4.37374e-08 0.559947 1.37542e-12
1133 4.37215e-08 0.559981 1.37553e-12
1134 4.37197e-08 0.560047 1.37565e-12
1135 4.37151e-08 0.560247 1.37598e-12
1136 4.37096e-08 0.560446 1.37631e-12
1137 4.37066e-08 0.56048 1.37642e-12
1138 4.37048e-08 0.560514 1.37653e-12
1139 4.37045e-08 0.560547 1.37664e-12
1140 4.37025e-08 0.560747 1.37698e-12
1141 4.37015e-08 0.560781 1.37709e-12
1142 4.36974e-08 0.560847 1.3772e-12
1143 4.36915e-08 0.560881 1.37731e-12
1144 4.36789e-08 0.560915 1.37742e-12
1145 4.36709e-08 0.560948 1.37753e-12
1146 4.36685e-08 0.561281 1.37809e-12
1147 4.36681e-08 0.561347 1.3782e-12
1148 4.36657e-08 0.561381 1.37831e-12
1149 4.36654e-08 0.561415 1.37842e-12
1150 4.3658e-08 0.561486 1.37857e-12
1151 4.3658e-08 0.56152 1.37868e-12
1152 4.36514e-08 0.56172 1.37902e-12
1153 4.36494e-08 0.561935 1.37947e-12
1154 4.36421e-08 0.562135 1.37981e-12
1155 4.36279e-08 0.56235 1.38026e-12
1156 4.36247e-08 0.562422 1.38041e-12
1157 4.36244e-08 0.562456 1.38052e-12
1158 4.36155e-08 0.56249 1.38064e-12
1159 4.3615e-08 0.562689 1.38097e-12
1160 4.36098e-08 0.562723 1.38108e-12
1161 4.35987e-08 0.562757 1.38119e-12
1162 4.35977e-08 0.562817 1.38134e-12
1163 4.35959e-08 0.562851 1.38145e-12
1164 4.35828e-08 0.56305 1.38179e-12
1165 4.35817e-08 0.563122 1.38194e-12
1166 4.3574e-08 0.563164 1.38209e-12
1167 4.35723e-08 0.563363 1.38242e-12
1168 4.3571e-08 0.563397 1.38254e-12
1169 4.35682e-08 0.563596 1.38287e-12
1170 4.35658e-08 0.56363 1.38298e-12
1171 4.35417e-08 0.563672 1.38313e-12
1172 4.35378e-08 0.563738 1.38334e-12
1173 4.35299e-08 0.563954 1.3838e-12
1174 4.35279e-08 0.563988 1.38391e-12
1175 4.3526e-08 0.564204 1.38436e-12
1176 4.35176e-08 0.56427 1.38447e-12
1177 4.35151e-08 0.564469 1.38481e-12
1178 4.35128e-08 0.564503 1.38492e-12
1179 4.34917e-08 0.564545 1.38507e-12
1180 4.34917e-08 0.564579 1.38518e-12
1181 4.34867e-08 0.564645 1.38539e-12
1182 4.34697e-08 0.564711 1.3855e-12
1183 4.34692e-08 0.564753 1.38565e-12
1184 4.3468e-08 0.564795 1.3858e-12
1185 4.34673e-08 0.564829 1.38592e-12
1186 4.34662e-08 0.565045 1.38637e-12
1187 4.34537e-08 0.565079 1.38648e-12
1188 4.34423e-08 0.565294 1.38694e-12
1189 4.34388e-08 0.565328 1.38705e-12
1190 4.34332e-08 0.565527 1.38738e-12
1191 4.34323e-08 0.565561 1.38749e-12
1192 4.34267e-08 0.565761 1.38783e-12
1193 4.34186e-08 0.565802 1.38798e-12
1194 4.34172e-08 0.565844 1.38813e-12
1195 4.34116e-08 0.565916 1.38828e-12
1196 4.3394e-08 0.565983 1.38839e-12
1197 4.3392e-08 0.566049 1.38851e-12
1198 4.33836e-08 0.566115 1.38862e-12
1199 4.33786e-08 0.566157 1.38877e-12
1200 4.33724e-08 0.566191 1.38888e-12
1201 4.33701e-08 0.566407 1.38934e-12
1202 4.33666e-08 0.566479 1.38949e-12
1203 4.33665e-08 0.566695 1.38994e-12
1204 4.3365e-08 0.566737 1.3901e-12
1205 4.3365e-08 0.566952 1.39055e-12
1206 4.33508e-08 0.567019 1.39066e-12
1207 4.33508e-08 0.567085 1.39077e-12
1208 4.33505e-08 0.567119 1.39088e-12
1209 4.33483e-08 0.567185 1.391e-12
1210 4.33471e-08 0.567401 1.39145e-12
1211 4.33409e-08 0.567601 1.39179e-12
1212 4.33215e-08 0.567642 1.39194e-12
1213 4.33018e-08 0.567684 1.39209e-12
1214 4.32989e-08 0.567756 1.39224e-12
1215 4.32981e-08 0.56779 1.39235e-12
1216 4.32915e-08 0.567832 1.3925e-12
1217 4.32772e-08 0.567904 1.39266e-12
1218 4.32766e-08 0.568103 1.39299e-12
1219 4.32752e-08 0.568145 1.39314e-12
1220 4.32697e-08 0.568361 1.3936e-12
1221 4.32686e-08 0.568577 1.39405e-12
1222 4.32608e-08 0.568618 1.39421e-12
1223 4.3258e-08 0.568818 1.39454e-12
1224 4.32553e-08 0.568852 1.39465e-12
1225 4.3254e-08 0.568893 1.3948e-12
1226 4.3242e-08 0.569109 1.39526e-12
1227 4.32383e-08 0.569308 1.39559e-12
1228 4.32216e-08 0.56935 1.39574e-12
1229 4.32125e-08 0.569384 1.39585e-12
1230 4.32124e-08 0.569426 1.39601e-12
1231 4.32068e-08 0.56946 1.39612e-12
1232 4.31966e-08 0.569532 1.39627e-12
1233 4.3194e-08 0.569747 1.39673e-12
1234 4.31938e-08 0.569789 1.39688e-12
1235 4.31829e-08 0.569989 1.39721e-12
1236 4.318e-08 0.570055 1.39732e-12
1237 4.31496e-08 0.570122 1.39743e-12
1238 4.31495e-08 0.570163 1.39758e-12
1239 4.31423e-08 0.57023 1.3977e-12
1240 4.31373e-08 0.570429 1.39803e-12
1241 4.31213e-08 0.570645 1.39849e-12
1242 4.31104e-08 0.570861 1.39894e-12
1243 4.31096e-08 0.570895 1.39905e-12
1244 4.31053e-08 0.570961 1.39916e-12
1245 4.3092e-08 0.571321 1.39992e-12
1246 4.30896e-08 0.571536 1.40038e-12
1247 4.30831e-08 0.571589 1.40049e-12
1248 4.30789e-08 0.57166 1.40064e-12
1249 4.30581e-08 0.571694 1.40075e-12
1250 4.30559e-08 0.571728 1.40086e-12
1251 4.30505e-08 0.5718 1.40102e-12
1252 4.30457e-08 0.571834 1.40113e-12
1253 4.30452e-08 0.572033 1.40146e-12
1254 4.3039e-08 0.572067 1.40157e-12
1255 4.30332e-08 0.572133 1.40168e-12
1256 4.30318e-08 0.572333 1.40202e-12
1257 4.30282e-08 0.572399 1.40213e-12
1258 4.30191e-08 0.572441 1.40228e-12
1259 4.30166e-08 0.57264 1.40261e-12
1260 4.30133e-08 0.572682 1.40276e-12
1261 4.30129e-08 0.572898 1.40322e-12
1262 4.3004e-08 0.57297 1.40337e-12
1263 4.29923e-08 0.573036 1.40348e-12
1264 4.2987e-08 0.573236 1.40382e-12
1265 4.29837e-08 0.573451 1.40427e-12
1266 4.29829e-08 0.573518 1.40438e-12
1267 4.29802e-08 0.57359 1.40454e-12
1268 4.29766e-08 0.573662 1.40469e-12
1269 4.29737e-08 0.573877 1.40514e-12
1270 4.29723e-08 0.573911 1.40525e-12
1271 4.29722e-08 0.573953 1.40541e-12
1272 4.29681e-08 0.574152 1.40574e-12
1273 4.29654e-08 0.574219 1.40585e-12
1274 4.29609e-08 0.574271 1.40596e-12
1275 4.29521e-08 0.574487 1.40642e-12
1276 4.29461e-08 0.574686 1.40675e-12
1277 4.29426e-08 0.574752 1.40686e-12
1278 4.29381e-08 0.574819 1.40697e-12
1279 4.29281e-08 0.575035 1.40743e-12
1280 4.29242e-08 0.575077 1.40758e-12
1281 4.29236e-08 0.575118 1.40773e-12
1282 4.29158e-08 0.575334 1.40819e-12
1283 4.29091e-08 0.575376 1.40834e-12
1284 4.29022e-08 0.57541 1.40845e-12
1285 4.28838e-08 0.575482 1.4086e-12
1286 4.28762e-08 0.575524 1.40876e-12
1287 4.28664e-08 0.575596 1.40891e-12
1288 4.28639e-08 0.575811 1.40937e-12
1289 4.28544e-08 0.575871 1.40952e-12
1290 4.28499e-08 0.576087 1.40997e-12
1291 4.28476e-08 0.576287 1.41031e-12
1292 4.28463e-08 0.57632 1.41042e-12
1293 4.28433e-08 0.576392 1.41057e-12
1294 4.28396e-08 0.576459 1.41068e-12
1295 4.28367e-08 0.576501 1.41083e-12
1296 4.28367e-08 0.576534 1.41094e-12
1297 4.28328e-08 0.57675 1.4114e-12
1298 4.28281e-08 0.576792 1.41155e-12
1299 4.28243e-08 0.576858 1.41166e-12
1300 4.2819e-08 0.5769 1.41182e-12
1301 4.28152e-08 0.576972 1.41197e-12
1302 4.28095e-08 0.577188 1.41242e-12
1303 4.28059e-08 0.577222 1.41253e-12
1304 4.27984e-08 0.577421 1.41287e-12
1305 4.27982e-08 0.577455 1.41298e-12
1306 4.27959e-08 0.577671 1.41343e-12
1307 4.27957e-08 0.577713 1.41359e-12
1308 4.27935e-08 0.578045 1.41414e-12
1309 4.27878e-08 0.578111 1.41425e-12
1310 4.27838e-08 0.578153 1.4144e-12
1311 4.27789e-08 0.578219 1.41452e-12
1312 4.27757e-08 0.578261 1.41467e-12
1313 4.27741e-08 0.578461 1.415e-12
1314 4.27733e-08 0.578533 1.41515e-12
1315 4.27663e-08 0.578585 1.41526e-12
1316 4.27657e-08 0.578651 1.41537e-12
1317 4.27637e-08 0.578693 1.41553e-12
1318 4.27481e-08 0.578909 1.41598e-12
1319 4.27447e-08 0.578951 1.41614e-12
1320 4.2735e-08 0.578992 1.41629e-12
1321 4.27334e-08 0.579045 1.4164e-12
1322 4.27324e-08 0.579086 1.41655e-12
1323 4.27223e-08 0.579419 1.41711e-12
1324 4.27194e-08 0.579485 1.41722e-12
1325 4.27069e-08 0.579701 1.41767e-12
1326 4.27038e-08 0.579743 1.41782e-12
1327 4.26908e-08 0.579815 1.41798e-12
1328 4.26906e-08 0.579848 1.41809e-12
1329 4.26905e-08 0.57989 1.41824e-12
1330 4.26735e-08 0.580106 1.4187e-12
1331 4.26686e-08 0.580322 1.41915e-12
1332 4.26676e-08 0.580356 1.41926e-12
1333 4.2664e-08 0.580428 1.41942e-12
1334 4.26557e-08 0.580494 1.41953e-12
1335 4.26478e-08 0.580528 1.41964e-12
1336 4.26434e-08 0.58057 1.41979e-12
1337 4.26409e-08 0.580612 1.41994e-12
1338 4.26301e-08 0.580645 1.42005e-12
1339 4.26256e-08 0.580712 1.42016e-12
1340 4.26143e-08 0.580754 1.42032e-12
1341 4.26141e-08 0.580787 1.42043e-12
1342 4.26442e-08 0.580859 1.42058e-12
1343 4.26049e-08 0.580926 1.42069e-12
1344 4.25949e-08 0.580968 1.42084e-12
1345 4.2592e-08 0.581183 1.4213e-12
1346 4.2592e-08 0.58125 1.42141e-12
1347 4.25868e-08 0.581322 1.42156e-12
1348 4.25859e-08 0.581388 1.42167e-12
1349 4.2581e-08 0.58143 1.42182e-12
1350 4.25783e-08 0.581646 1.42228e-12
1351 4.25731e-08 0.581688 1.42243e-12
1352 4.25675e-08 0.58173 1.42258e-12
1353 4.25663e-08 0.581796 1.4227e-12
1354 4.25661e-08 0.581862 1.4229e-12
1355 4.25624e-08 0.581929 1.42301e-12
1356 4.25482e-08 0.581971 1.42317e-12
1357 4.25468e-08 0.582043 1.42332e-12
1358 4.25381e-08 0.582242 1.42365e-12
1359 4.25339e-08 0.582314 1.4238e-12
1360 4.25299e-08 0.582356 1.42396e-12
1361 4.25278e-08 0.582398 1.42411e-12
1362 4.25198e-08 0.582464 1.42422e-12
1363 4.25166e-08 0.582506 1.42437e-12
1364 4.25158e-08 0.582705 1.4247e-12
1365 4.25149e-08 0.582777 1.42486e-12
1366 4.25118e-08 0.582976 1.42519e-12
1367 4.25112e-08 0.583043 1.4253e-12
1368 4.25038e-08 0.583077 1.42541e-12
1369 4.25027e-08 0.58311 1.42552e-12
1370 4.25004e-08 0.583177 1.42563e-12
1371 4.24972e-08 0.583393 1.42609e-12
1372 4.24903e-08 0.583445 1.4262e-12
1373 4.24896e-08 0.583479 1.42631e-12
1374 4.24868e-08 0.58352 1.42646e-12
1375 4.24784e-08 0.583562 1.42662e-12
1376 4.24773e-08 0.583596 1.42673e-12
1377 4.24683e-08 0.583638 1.42688e-12
1378 4.2457e-08 0.583837 1.42721e-12
1379 4.24558e-08 0.583904 1.42732e-12
1380 4.24505e-08 0.584289 1.42836e-12
1381 4.24472e-08 0.584331 1.42852e-12
1382 4.24456e-08 0.584365 1.42863e-12
1383 4.24452e-08 0.584406 1.42878e-12
1384 4.24436e-08 0.584448 1.42893e-12
1385 4.24381e-08 0.58449 1.42908e-12
1386 4.24348e-08 0.584532 1.42924e-12
1387 4.24341e-08 0.584574 1.42939e-12
1388 4.24319e-08 0.584626 1.4295e-12
1389 4.24315e-08 0.58466 1.42961e-12
1390 4.24308e-08 0.584726 1.42972e-12
1391 4.243e-08 0.58476 1.42983e-12
1392 4.24292e-08 0.584826 1.42994e-12
1393 4.2429e-08 0.584898 1.43009e-12
1394 4.24269e-08 0.584932 1.43021e-12
1395 4.24068e-08 0.585292 1.43097e-12
1396 4.24008e-08 0.585334 1.43112e-12
1397 4.24004e-08 0.585405 1.43127e-12
1398 4.23964e-08 0.585765 1.43203e-12
1399 4.23955e-08 0.585981 1.43249e-12
1400 4.23937e-08 0.58618 1.43282e-12
1401 4.23917e-08 0.586214 1.43293e-12
1402 4.2382e-08 0.586256 1.43308e-12
1403 4.23764e-08 0.58629 1.43319e-12
1404 4.23665e-08 0.586506 1.43365e-12
1405 4.23588e-08 0.586572 1.43376e-12
1406 4.23581e-08 0.586606 1.43387e-12
1407 4.23578e-08 0.58664 1.43398e-12
1408 4.23577e-08 0.586855 1.43444e-12
1409 4.23552e-08 0.586922 1.43455e-12
1410 4.23501e-08 0.586994 1.4347e-12
1411 4.23482e-08 0.58721 1.43516e-12
1412 4.234e-08 0.587425 1.43561e-12
1413 4.23334e-08 0.587467 1.43577e-12
1414 4.23293e-08 0.587509 1.43592e-12
1415 4.23153e-08 0.587551 1.43607e-12
1416 4.23126e-08 0.587617 1.43618e-12
1417 4.23109e-08 0.587659 1.43633e-12
1418 4.23085e-08 0.587701 1.43649e-12
1419 4.23076e-08 0.587917 1.43694e-12
1420 4.23075e-08 0.587983 1.43705e-12
1421 4.23064e-08 0.588055 1.43721e-12
1422 4.22987e-08 0.588097 1.43736e-12
1423 4.22974e-08 0.588139 1.43751e-12
1424 4.22974e-08 0.588181 1.43766e-12
1425 4.22857e-08 0.588253 1.43781e-12
1426 4.22689e-08 0.588325 1.43797e-12
1427 4.22672e-08 0.58854 1.43842e-12
1428 4.22636e-08 0.588607 1.43853e-12
1429 4.22604e-08 0.588649 1.43869e-12
1430 4.22526e-08 0.588848 1.43902e-12
1431 4.22501e-08 0.589064 1.43947e-12
1432 4.22447e-08 0.589263 1.43981e-12
1433 4.22442e-08 0.58933 1.43992e-12
1434 4.22349e-08 0.589545 1.44037e-12
1435 4.22341e-08 0.589579 1.44049e-12
1436 4.22326e-08 0.589646 1.4406e-12
1437 4.22315e-08 0.589861 1.44105e-12
1438 4.22135e-08 0.589921 1.4412e-12
1439 4.221e-08 0.589963 1.44136e-12
1440 4.22077e-08 0.590035 1.44151e-12
1441 4.21989e-08 0.590102 1.44162e-12
1442 4.21967e-08 0.590318 1.44208e-12
1443 4.21894e-08 0.590533 1.44253e-12
1444 4.21891e-08 0.590567 1.44264e-12
1445 4.21876e-08 0.590634 1.44275e-12
1446 4.21716e-08 0.590849 1.44321e-12
1447 4.21715e-08 0.591065 1.44367e-12
1448 4.21685e-08 0.591281 1.44412e-12
1449 4.21678e-08 0.591497 1.44458e-12
1450 4.21656e-08 0.591569 1.44473e-12
1451 4.2164e-08 0.591611 1.44488e-12
1452 4.21605e-08 0.591677 1.44499e-12
1453 4.21439e-08 0.591719 1.44515e-12
1454 4.21342e-08 0.591791 1.4453e-12
1455 4.21335e-08 0.591825 1.44541e-12
1456 4.21227e-08 0.591885 1.44556e-12
1457 4.21218e-08 0.591918 1.44567e-12
1458 4.21125e-08 0.591952 1.44578e-12
1459 4.21035e-08 0.592024 1.44594e-12
1460 4.21035e-08 0.592058 1.44605e-12
1461 4.21032e-08 0.592274 1.4465e-12
1462 4.21027e-08 0.592489 1.44696e-12
1463 4.21027e-08 0.592531 1.44711e-12
1464 4.21022e-08 0.592731 1.44744e-12
1465 4.21009e-08 0.592797 1.44756e-12
1466 4.20903e-08 0.592864 1.44767e-12
1467 4.20769e-08 0.592905 1.44782e-12
1468 4.20719e-08 0.592939 1.44793e-12
1469 4.20689e-08 0.593009 1.44821e-12
1470 4.20684e-08 0.593225 1.44867e-12
1471 4.20649e-08 0.593291 1.44878e-12
1472 4.20634e-08 0.593325 1.44889e-12
1473 4.20602e-08 0.593359 1.449e-12
1474 4.20557e-08 0.593431 1.44916e-12
1475 4.20441e-08 0.593503 1.44931e-12
1476 4.20367e-08 0.593719 1.44976e-12
1477 4.20338e-08 0.593791 1.44992e-12
1478 4.20322e-08 0.594006 1.45037e-12
1479 4.20292e-08 0.594048 1.45052e-12
1480 4.20271e-08 0.594264 1.45098e-12
1481 4.20269e-08 0.594298 1.45109e-12
1482 4.20234e-08 0.594332 1.4512e-12
1483 4.20198e-08 0.594365 1.45131e-12
1484 4.20157e-08 0.594581 1.45177e-12
1485 4.20068e-08 0.594648 1.45188e-12
1486 4.20004e-08 0.59469 1.45203e-12
1487 4.19943e-08 0.594723 1.45214e-12
1488 4.19885e-08 0.594923 1.45248e-12
1489 4.19877e-08 0.595122 1.45281e-12
1490 4.19853e-08 0.595164 1.45296e-12
1491 4.19835e-08 0.59523 1.45307e-12
1492 4.19796e-08 0.59543 1.45341e-12
1493 4.19901e-08 0.595661 1.45403e-12
1494 4.19821e-08 0.595876 1.45449e-12
1495 4.19686e-08 0.595918 1.45464e-12
1496 4.19628e-08 0.595952 1.45475e-12
1497 4.19627e-08 0.596024 1.4549e-12
1498 4.19625e-08 0.596058 1.45501e-12
1499 4.1959e-08 0.5961 1.45517e-12
1500 4.19542e-08 0.596142 1.45532e-12
1501 4.19533e-08 0.596175 1.45543e-12
1502 4.19501e-08 0.596391 1.45588e-12
1503 4.19495e-08 0.596607 1.45634e-12
1504 4.19473e-08 0.596641 1.45645e-12
1505 4.19471e-08 0.596675 1.45656e-12
1506 4.19299e-08 0.596741 1.45667e-12
1507 4.19238e-08 0.596807 1.45678e-12
1508 4.19164e-08 0.596879 1.45694e-12
1509 4.1916e-08 0.596921 1.45709e-12
1510 4.19138e-08 0.596993 1.45724e-12
1511 4.19122e-08 0.597035 1.45739e-12
1512 4.19031e-08 0.597105 1.45768e-12
1513 4.18952e-08 0.597177 1.45783e-12
1514 4.18948e-08 0.597249 1.45798e-12
1515 4.18909e-08 0.597315 1.45809e-12
1516 4.18785e-08 0.597357 1.45825e-12
1517 4.18765e-08 0.597573 1.4587e-12
1518 4.1876e-08 0.597804 1.45933e-12
1519 4.18712e-08 0.597846 1.45948e-12
1520 4.18701e-08 0.597888 1.45963e-12
1521 4.1868e-08 0.59793 1.45978e-12
1522 4.18528e-08 0.598129 1.46012e-12
1523 4.18494e-08 0.598201 1.46027e-12
1524 4.18469e-08 0.598243 1.46042e-12
1525 4.18419e-08 0.598442 1.46075e-12
1526 4.18393e-08 0.598484 1.46091e-12
1527 4.18311e-08 0.59855 1.46102e-12
1528 4.18264e-08 0.598592 1.46117e-12
1529 4.18252e-08 0.598634 1.46132e-12
1530 4.18252e-08 0.598706 1.46147e-12
1531 4.182e-08 0.59874 1.46158e-12
1532 4.18094e-08 0.598971 1.46221e-12
1533 4.18072e-08 0.599043 1.46236e-12
1534 4.18033e-08 0.599077 1.46247e-12
1535 4.18015e-08 0.599143 1.46268e-12
1536 4.18e-08 0.599177 1.46279e-12
1537 4.17953e-08 0.599249 1.46294e-12
1538 4.17939e-08 0.599291 1.4631e-12
1539 4.1789e-08 0.599357 1.46321e-12
1540 4.17863e-08 0.599399 1.46336e-12
1541 4.1784e-08 0.599441 1.46351e-12
1542 4.17827e-08 0.599773 1.46407e-12
1543 4.17805e-08 0.599815 1.46422e-12
1544 4.17746e-08 0.599881 1.46433e-12
1545 4.17742e-08 0.600081 1.46466e-12
1546 4.17734e-08 0.600122 1.46481e-12
1547 4.177e-08 0.600354 1.46544e-12
1548 4.17676e-08 0.600387 1.46555e-12
1549 4.17638e-08 0.600421 1.46566e-12
1550 4.17616e-08 0.600455 1.46577e-12
1551 4.1759e-08 0.600497 1.46592e-12
1552 4.17516e-08 0.600531 1.46603e-12
1553 4.17444e-08 0.600572 1.46619e-12
1554 4.17434e-08 0.600606 1.4663e-12
1555 4.17428e-08 0.600683 1.46651e-12
1556 4.17419e-08 0.600883 1.46684e-12
1557 4.17417e-08 0.601098 1.4673e-12
1558 4.17389e-08 0.601165 1.46741e-12
1559 4.17367e-08 0.601207 1.46756e-12
1560 4.17292e-08 0.601406 1.46789e-12
1561 4.1723e-08 0.601448 1.46804e-12
1562 4.17194e-08 0.601514 1.46815e-12
1563 4.17171e-08 0.601548 1.46827e-12
1564 4.17128e-08 0.60159 1.46842e-12
1565 4.17119e-08 0.601624 1.46853e-12
1566 4.17117e-08 0.60184 1.46898e-12
1567 4.17115e-08 0.601911 1.46914e-12
1568 4.17088e-08 0.601945 1.46925e-12
1569 4.1708e-08 0.601987 1.4694e-12
1570 4.17068e-08 0.602029 1.46955e-12
1571 4.17043e-08 0.602101 1.4697e-12
1572 4.17024e-08 0.602173 1.46986e-12
1573 4.17004e-08 0.602389 1.47031e-12
1574 4.16976e-08 0.60243 1.47046e-12
1575 4.16968e-08 0.602464 1.47058e-12
1576 4.16952e-08 0.602536 1.47073e-12
1577 4.16941e-08 0.602578 1.47088e-12
1578 4.16846e-08 0.602612 1.47099e-12
1579 4.16824e-08 0.602654 1.47114e-12
1580 4.16802e-08 0.602853 1.47148e-12
1581 4.17377e-08 0.603084 1.4721e-12
1582 4.16795e-08 0.603283 1.47243e-12
1583 4.16726e-08 0.603325 1.47259e-12
1584 4.16717e-08 0.603367 1.47274e-12
1585 4.16713e-08 0.603566 1.47307e-12
1586 4.16702e-08 0.603633 1.47318e-12
1587 4.16643e-08 0.603683 1.47339e-12
1588 4.16643e-08 0.603735 1.4735e-12
1589 4.16634e-08 0.603951 1.47396e-12
1590 4.16591e-08 0.603993 1.47411e-12
1591 4.16563e-08 0.604063 1.47439e-12
1592 4.16519e-08 0.604105 1.47455e-12
1593 4.16518e-08 0.604177 1.4747e-12
1594 4.16477e-08 0.604219 1.47485e-12
1595 4.16453e-08 0.604285 1.47496e-12
1596 4.16441e-08 0.604516 1.47559e-12
1597 4.164e-08 0.604576 1.47574e-12
1598 4.16372e-08 0.604618 1.47589e-12
1599 4.16343e-08 0.604834 1.47635e-12
1600 4.16285e-08 0.60505 1.4768e-12
1601 4.16281e-08 0.605116 1.47691e-12
1602 4.16249e-08 0.605183 1.47712e-12
1603 4.1618e-08 0.605249 1.47723e-12
1604 4.16122e-08 0.605291 1.47739e-12
1605 4.16122e-08 0.605325 1.4775e-12
1606 4.16109e-08 0.605367 1.47765e-12
1607 4.16042e-08 0.605433 1.47776e-12
1608 4.16037e-08 0.605475 1.47791e-12
1609 4.16028e-08 0.605547 1.47806e-12
1610 4.16012e-08 0.605619 1.47822e-12
1611 4.15975e-08 0.605834 1.47867e-12
1612 4.15957e-08 0.605906 1.47882e-12
1613 4.15928e-08 0.605948 1.47898e-12
1614 4.15886e-08 0.605982 1.47909e-12
1615 4.15824e-08 0.606048 1.4792e-12
1616 4.15802e-08 0.606248 1.47953e-12
1617 4.15802e-08 0.60632 1.47968e-12
1618 4.15771e-08 0.606372 1.47979e-12
1619 4.15747e-08 0.606603 1.48042e-12
1620 4.15732e-08 0.606675 1.48057e-12
1621 4.1572e-08 0.606717 1.48072e-12
1622 4.15703e-08 0.606751 1.48083e-12
1623 4.15658e-08 0.606821 1.48112e-12
1624 4.15653e-08 0.606893 1.48127e-12
1625 4.15652e-08 0.606934 1.48142e-12
1626 4.15652e-08 0.607001 1.48154e-12
1627 4.15626e-08 0.607217 1.48199e-12
1628 4.15553e-08 0.607432 1.48245e-12
1629 4.15531e-08 0.607648 1.4829e-12
1630 4.15447e-08 0.60769 1.48306e-12
1631 4.15427e-08 0.607921 1.48368e-12
1632 4.15343e-08 0.608152 1.48431e-12
1633 4.15263e-08 0.608194 1.48446e-12
1634 4.15106e-08 0.608228 1.48457e-12
1635 4.15072e-08 0.60827 1.48472e-12
1636 4.15071e-08 0.608312 1.48487e-12
1637 4.15064e-08 0.608354 1.48503e-12
1638 4.15048e-08 0.60842 1.48514e-12
1639 4.15035e-08 0.608462 1.48529e-12
1640 4.15009e-08 0.608528 1.4854e-12
1641 4.15006e-08 0.608595 1.48551e-12
1642 4.15004e-08 0.608667 1.48566e-12
1643 4.14993e-08 0.608883 1.48612e-12
1644 4.14912e-08 0.608924 1.48627e-12
1645 4.14895e-08 0.609156 1.4869e-12
1646 4.14877e-08 0.609197 1.48705e-12
1647 4.14822e-08 0.609413 1.4875e-12
1648 4.14781e-08 0.609613 1.48784e-12
1649 4.1474e-08 0.609828 1.48829e-12
1650 4.14718e-08 0.609879 1.4885e-12
1651 4.14682e-08 0.609945 1.48861e-12
1652 4.14681e-08 0.610017 1.48876e-12
1653 4.14665e-08 0.610059 1.48892e-12
1654 4.14645e-08 0.610125 1.48903e-12
1655 4.14638e-08 0.610325 1.48936e-12
1656 4.14634e-08 0.610358 1.48947e-12
1657 4.14623e-08 0.6104 1.48962e-12
1658 4.14608e-08 0.610442 1.48978e-12
1659 4.14586e-08 0.610484 1.48993e-12
1660 4.14547e-08 0.610715 1.49055e-12
1661 4.14525e-08 0.610757 1.4907e-12
1662 4.14492e-08 0.610973 1.49116e-12
1663 4.1449e-08 0.611007 1.49127e-12
1664 4.14447e-08 0.611238 1.4919e-12
1665 4.14398e-08 0.61128 1.49205e-12
1666 4.14255e-08 0.611357 1.49226e-12
1667 4.14249e-08 0.611572 1.49271e-12
1668 4.14202e-08 0.611804 1.49334e-12
1669 4.14197e-08 0.611846 1.49349e-12
1670 4.14162e-08 0.611887 1.49364e-12
1671 4.14158e-08 0.612087 1.49398e-12
1672 4.14135e-08 0.612153 1.49409e-12
1673 4.14101e-08 0.61222 1.4942e-12
1674 4.14011e-08 0.612579 1.49496e-12
1675 4.13998e-08 0.612646 1.49507e-12
1676 4.13956e-08 0.612688 1.49522e-12
1677 4.13949e-08 0.613073 1.49626e-12
1678 4.13938e-08 0.613272 1.4966e-12
1679 4.1382e-08 0.613306 1.49671e-12
1680 4.13804e-08 0.613378 1.49686e-12
1681 4.138e-08 0.61345 1.49701e-12
1682 4.13744e-08 0.613516 1.49712e-12
1683 4.13659e-08 0.613558 1.49727e-12
1684 4.13578e-08 0.6136 1.49743e-12
1685 4.13565e-08 0.613816 1.49788e-12
1686 4.13554e-08 0.613888 1.49803e-12
1687 4.13463e-08 0.614119 1.49866e-12
1688 4.13428e-08 0.61435 1.49928e-12
1689 4.13317e-08 0.614416 1.4994e-12
1690 4.13291e-08 0.614616 1.49973e-12
1691 4.1329e-08 0.614649 1.49984e-12
1692 4.13267e-08 0.614683 1.49995e-12
1693 4.13229e-08 0.61475 1.50006e-12
1694 4.13223e-08 0.614981 1.50069e-12
1695 4.13211e-08 0.615015 1.5008e-12
1696 4.13206e-08 0.61523 1.50125e-12
1697 4.13181e-08 0.615297 1.50136e-12
1698 4.1317e-08 0.615331 1.50148e-12
1699 4.13144e-08 0.615403 1.50163e-12
1700 4.13107e-08 0.615436 1.50174e-12
1701 4.12931e-08 0.615636 1.50207e-12
1702 4.12917e-08 0.615851 1.50253e-12
1703 4.12843e-08 0.615929 1.50274e-12
1704 4.12789e-08 0.615962 1.50285e-12
1705 4.12765e-08 0.616034 1.503e-12
1706 4.12697e-08 0.616076 1.50315e-12
1707 4.1269e-08 0.616148 1.5033e-12
1708 4.12672e-08 0.616214 1.50341e-12
1709 4.12636e-08 0.616248 1.50353e-12
1710 4.12632e-08 0.616608 1.50429e-12
1711 4.12833e-08 0.616685 1.50449e-12
1712 4.12609e-08 0.617017 1.50505e-12
1713 4.1257e-08 0.617233 1.50551e-12
1714 4.14072e-08 0.617471 1.50636e-12
1715 4.13272e-08 0.617548 1.50657e-12
1716 4.13111e-08 0.617764 1.50703e-12
1717 4.13111e-08 0.61798 1.50748e-12
1718 4.12901e-08 0.618022 1.50763e-12
1719 4.12768e-08 0.618064 1.50779e-12
1720 4.12722e-08 0.61828 1.50824e-12
1721 4.12714e-08 0.618351 1.50839e-12
1722 4.12674e-08 0.618567 1.50885e-12
1723 4.12638e-08 0.618609 1.509e-12
1724 4.12636e-08 0.618808 1.50934e-12
1725 4.12523e-08 0.61885 1.50949e-12
1726 4.12476e-08 0.619081 1.51011e-12
1727 4.12456e-08 0.619297 1.51057e-12
1728 4.12431e-08 0.619339 1.51072e-12
1729 4.12303e-08 0.61957 1.51135e-12
1730 4.12278e-08 0.619801 1.51197e-12
1731 4.12237e-08 0.619873 1.51212e-12
1732 4.12199e-08 0.619915 1.51228e-12
1733 4.12124e-08 0.619957 1.51243e-12
1734 4.12114e-08 0.619999 1.51258e-12
1735 4.12111e-08 0.620076 1.51279e-12
1736 4.12098e-08 0.620148 1.51294e-12
1737 4.12011e-08 0.620379 1.51357e-12
1738 4.12003e-08 0.620421 1.51372e-12
1739 4.11971e-08 0.620487 1.51383e-12
1740 4.11958e-08 0.620559 1.51398e-12
1741 4.11938e-08 0.620775 1.51444e-12
1742 4.11861e-08 0.621107 1.51499e-12
1743 4.118e-08 0.621179 1.51514e-12
1744 4.118e-08 0.621221 1.5153e-12
1745 4.11781e-08 0.621263 1.51545e-12
1746 4.11762e-08 0.621501 1.5163e-12
1747 4.11761e-08 0.621543 1.51646e-12
1748 4.11758e-08 0.621759 1.51691e-12
1749 4.11685e-08 0.621831 1.51706e-12
1750 4.11595e-08 0.621873 1.51722e-12
1751 4.11592e-08 0.622072 1.51755e-12
1752 4.11566e-08 0.622106 1.51766e-12
1753 4.11553e-08 0.622322 1.51812e-12
1754 4.11514e-08 0.622363 1.51827e-12
1755 4.11492e-08 0.622602 1.51913e-12
1756 4.11485e-08 0.622652 1.51933e-12
1757 4.11461e-08 0.622729 1.51954e-12
1758 4.11449e-08 0.62296 1.52017e-12
1759 4.11442e-08 0.62316 1.5205e-12
1760 4.11413e-08 0.623237 1.52071e-12
1761 4.11409e-08 0.623279 1.52086e-12
1762 4.11392e-08 0.623356 1.52107e-12
1763 4.11384e-08 0.623571 1.52152e-12
1764 4.11368e-08 0.623631 1.52168e-12
1765 4.11363e-08 0.623673 1.52183e-12
1766 4.11335e-08 0.623715 1.52198e-12
1767 4.11324e-08 0.623782 1.52209e-12
1768 4.11322e-08 0.623823 1.52224e-12
1769 4.11311e-08 0.624055 1.52287e-12
1770 4.1127e-08 0.62427 1.52333e-12
1771 4.11257e-08 0.624304 1.52344e-12
1772 4.11246e-08 0.624535 1.52406e-12
1773 4.11204e-08 0.624577 1.52421e-12
