0 7.18768e-09 0.00396903 9e-15
1 7.03103e-09 0.00400281 9.111e-15
2 7.00679e-09 0.00420212 9.444e-15
3 6.99987e-09 0.00440144 9.777e-15
4 6.65979e-09 0.00460075 1.011e-14
5 6.30317e-09 0.00480006 1.0443e-14
6 5.98056e-09 0.00499937 1.0776e-14
7 5.86736e-09 0.0050658 1.0887e-14
8 5.82662e-09 0.00513224 1.0998e-14
9 5.73351e-09 0.00519868 1.1109e-14
10 5.59513e-09 0.00525075 1.122e-14
11 5.4942e-09 0.00531076 1.13721e-14
12 5.42526e-09 0.00535262 1.15241e-14
13 5.27648e-09 0.00556843 1.19804e-14
14 5.25468e-09 0.00578424 1.24366e-14
15 5.24844e-09 0.00600004 1.28928e-14
16 5.13683e-09 0.00621585 1.3349e-14
17 5.00056e-09 0.00643165 1.38052e-14
18 4.9706e-09 0.00650359 1.39573e-14
19 4.94856e-09 0.00657553 1.41093e-14
20 4.85411e-09 0.00664187 1.43177e-14
21 4.78542e-09 0.00671191 1.46031e-14
22 4.75635e-09 0.00676227 1.48114e-14
23 4.70791e-09 0.00699343 1.54364e-14
24 4.69883e-09 0.00706537 1.55885e-14
25 4.67674e-09 0.00729652 1.62135e-14
26 4.65193e-09 0.00752768 1.68385e-14
27 4.6235e-09 0.00775884 1.74635e-14
28 4.61284e-09 0.00798999 1.80885e-14
29 4.62499e-09 0.00806705 1.82969e-14
30 4.61209e-09 0.00830538 1.91531e-14
