0 7.92082e-08 0.357781 9.168e-13
1 7.90293e-08 0.357815 9.16911e-13
2 7.89359e-08 0.357849 9.17022e-13
3 7.88577e-08 0.357882 9.17133e-13
4 7.87636e-08 0.357916 9.17244e-13
5 7.86861e-08 0.35795 9.17355e-13
6 7.85978e-08 0.357984 9.17466e-13
7 7.85144e-08 0.358018 9.17577e-13
8 7.85109e-08 0.358051 9.17688e-13
9 7.8432e-08 0.358085 9.17799e-13
10 7.83428e-08 0.358119 9.1791e-13
11 7.83339e-08 0.358153 9.18021e-13
12 7.82662e-08 0.358187 9.18132e-13
13 7.81711e-08 0.35822 9.18243e-13
14 7.74875e-08 0.358552 9.18798e-13
15 7.73572e-08 0.358619 9.18909e-13
16 7.7184e-08 0.358653 9.1902e-13
17 7.70109e-08 0.358686 9.19131e-13
18 7.69582e-08 0.358886 9.19464e-13
19 7.69401e-08 0.35892 9.19575e-13
20 7.67814e-08 0.358953 9.19686e-13
21 7.67744e-08 0.358987 9.19797e-13
22 7.65194e-08 0.359186 9.2013e-13
23 7.64928e-08 0.359386 9.20463e-13
24 7.63848e-08 0.35942 9.20574e-13
25 7.62317e-08 0.359619 9.20907e-13
26 7.60525e-08 0.359685 9.21018e-13
27 7.60286e-08 0.359719 9.21129e-13
28 7.60284e-08 0.359753 9.2124e-13
29 7.59952e-08 0.359819 9.21351e-13
30 7.58922e-08 0.360019 9.21684e-13
31 7.58882e-08 0.360052 9.21795e-13
32 7.56057e-08 0.360252 9.22128e-13
33 7.5544e-08 0.360318 9.22239e-13
34 7.54633e-08 0.360385 9.2235e-13
35 7.54425e-08 0.360418 9.22461e-13
36 7.5372e-08 0.360485 9.22572e-13
37 7.53665e-08 0.360519 9.22683e-13
38 7.53212e-08 0.360552 9.22794e-13
39 7.5294e-08 0.360586 9.22905e-13
40 7.52293e-08 0.360785 9.23238e-13
41 7.51975e-08 0.360819 9.23349e-13
42 7.51573e-08 0.360853 9.2346e-13
43 7.50747e-08 0.360919 9.23571e-13
44 7.50276e-08 0.361119 9.23904e-13
45 7.50208e-08 0.361153 9.24015e-13
46 7.50129e-08 0.361186 9.24126e-13
47 7.49963e-08 0.36122 9.24237e-13
48 7.49629e-08 0.361419 9.2457e-13
49 7.48546e-08 0.361453 9.24681e-13
50 7.48397e-08 0.361652 9.25014e-13
51 7.47877e-08 0.361686 9.25125e-13
52 7.47345e-08 0.36172 9.25236e-13
53 7.46659e-08 0.361754 9.25347e-13
54 7.46192e-08 0.361788 9.25458e-13
55 7.45909e-08 0.361821 9.25569e-13
56 7.45872e-08 0.361855 9.2568e-13
57 7.45644e-08 0.361889 9.25791e-13
58 7.45363e-08 0.361955 9.25902e-13
59 7.44921e-08 0.361989 9.26013e-13
60 7.44508e-08 0.362023 9.26124e-13
61 7.44265e-08 0.362057 9.26235e-13
62 7.44097e-08 0.362256 9.26568e-13
63 7.43914e-08 0.36229 9.26679e-13
64 7.43537e-08 0.362489 9.27012e-13
65 7.43518e-08 0.362523 9.27123e-13
66 7.4343e-08 0.362557 9.27234e-13
67 7.43371e-08 0.36259 9.27345e-13
68 7.4269e-08 0.36279 9.27678e-13
69 7.42668e-08 0.362989 9.28011e-13
70 7.42637e-08 0.363056 9.28122e-13
71 7.42609e-08 0.363089 9.28233e-13
72 7.42574e-08 0.363123 9.28344e-13
73 7.42019e-08 0.363322 9.28677e-13
74 7.41837e-08 0.363356 9.28788e-13
75 7.40936e-08 0.36339 9.28899e-13
76 7.40381e-08 0.363424 9.2901e-13
77 7.40377e-08 0.363458 9.29121e-13
78 7.40319e-08 0.363491 9.29232e-13
79 7.38832e-08 0.363525 9.29343e-13
80 7.39296e-08 0.363592 9.29454e-13
81 7.38892e-08 0.363625 9.29565e-13
82 7.38683e-08 0.363659 9.29676e-13
83 7.38493e-08 0.363693 9.29787e-13
84 7.38464e-08 0.363727 9.29898e-13
85 7.38307e-08 0.363926 9.30231e-13
86 7.38159e-08 0.36396 9.30342e-13
87 7.38038e-08 0.364159 9.30675e-13
88 7.37989e-08 0.364193 9.30786e-13
89 7.37638e-08 0.364259 9.30897e-13
90 7.36881e-08 0.364293 9.31008e-13
91 7.36192e-08 0.364327 9.31119e-13
92 7.36029e-08 0.364526 9.31452e-13
93 7.35736e-08 0.364593 9.31563e-13
94 7.35205e-08 0.364626 9.31674e-13
95 7.3427e-08 0.364826 9.32007e-13
96 7.33489e-08 0.365025 9.3234e-13
97 7.33235e-08 0.365059 9.32451e-13
98 7.33003e-08 0.365093 9.32562e-13
99 7.32933e-08 0.365126 9.32673e-13
100 7.31854e-08 0.36516 9.32784e-13
101 7.31531e-08 0.365194 9.32895e-13
102 7.31384e-08 0.365393 9.33228e-13
103 7.31309e-08 0.365592 9.33561e-13
104 7.31087e-08 0.365792 9.33894e-13
105 7.2941e-08 0.365826 9.34005e-13
106 7.29383e-08 0.366025 9.34338e-13
107 7.28243e-08 0.366224 9.34671e-13
108 7.27595e-08 0.366258 9.34782e-13
109 7.27474e-08 0.366457 9.35115e-13
110 7.27413e-08 0.366491 9.35226e-13
111 7.2713e-08 0.36669 9.35559e-13
112 7.26811e-08 0.366724 9.3567e-13
113 7.26585e-08 0.366758 9.35781e-13
114 7.26473e-08 0.366824 9.35892e-13
115 7.26429e-08 0.367024 9.36225e-13
116 7.25809e-08 0.367223 9.36558e-13
117 7.25804e-08 0.367257 9.36669e-13
118 7.25091e-08 0.367291 9.3678e-13
119 7.24956e-08 0.367324 9.36891e-13
120 7.24287e-08 0.367358 9.37002e-13
121 7.24205e-08 0.367425 9.37113e-13
122 7.24133e-08 0.367624 9.37446e-13
123 7.23355e-08 0.367658 9.37557e-13
124 7.22863e-08 0.367691 9.37668e-13
125 7.22651e-08 0.367725 9.37779e-13
126 7.22463e-08 0.367792 9.3789e-13
127 7.21766e-08 0.367825 9.38001e-13
128 7.21754e-08 0.367859 9.38112e-13
129 7.21317e-08 0.367893 9.38223e-13
130 7.21209e-08 0.368092 9.38556e-13
131 7.2112e-08 0.368126 9.38667e-13
132 7.20932e-08 0.36816 9.38778e-13
133 7.20793e-08 0.368194 9.38889e-13
134 7.20784e-08 0.368227 9.39e-13
135 7.20413e-08 0.368427 9.39333e-13
136 7.20362e-08 0.368626 9.39666e-13
137 7.20153e-08 0.368693 9.39777e-13
138 7.19658e-08 0.368892 9.4011e-13
139 7.19447e-08 0.368926 9.40221e-13
140 7.19321e-08 0.368959 9.40332e-13
141 7.19122e-08 0.368993 9.40443e-13
142 7.19006e-08 0.369192 9.40776e-13
143 7.18711e-08 0.369392 9.41109e-13
144 7.18108e-08 0.369426 9.4122e-13
145 7.17835e-08 0.369758 9.41775e-13
146 7.17717e-08 0.369824 9.41886e-13
147 7.17711e-08 0.369858 9.41997e-13
148 7.17027e-08 0.369892 9.42108e-13
149 7.16908e-08 0.370091 9.42441e-13
150 7.16518e-08 0.37029 9.42774e-13
151 7.16257e-08 0.37049 9.43107e-13
152 7.16145e-08 0.370556 9.43218e-13
153 7.16131e-08 0.37059 9.43329e-13
154 7.161e-08 0.370789 9.43662e-13
155 7.14708e-08 0.371121 9.44217e-13
156 7.14545e-08 0.371188 9.44328e-13
157 7.14528e-08 0.371254 9.44439e-13
158 7.14501e-08 0.371586 9.44994e-13
159 7.13788e-08 0.37162 9.45105e-13
160 7.13189e-08 0.37182 9.45438e-13
161 7.13012e-08 0.372019 9.45771e-13
162 7.12867e-08 0.372218 9.46104e-13
163 7.12622e-08 0.372252 9.46215e-13
164 7.12613e-08 0.372318 9.46326e-13
165 7.12588e-08 0.372385 9.46437e-13
166 7.12537e-08 0.372584 9.4677e-13
167 7.12015e-08 0.372651 9.46881e-13
168 7.11334e-08 0.37285 9.47214e-13
169 7.11233e-08 0.372884 9.47325e-13
170 7.11193e-08 0.373083 9.47658e-13
171 7.10542e-08 0.373149 9.47769e-13
172 7.09982e-08 0.373183 9.4788e-13
173 7.09893e-08 0.37325 9.47991e-13
174 7.09782e-08 0.373316 9.48102e-13
175 7.09116e-08 0.373515 9.48435e-13
176 7.08899e-08 0.373582 9.48546e-13
177 7.08845e-08 0.373648 9.48657e-13
178 7.08742e-08 0.373715 9.48768e-13
179 7.08499e-08 0.373914 9.49101e-13
180 7.08387e-08 0.373948 9.49212e-13
181 7.083e-08 0.374014 9.49323e-13
182 7.07475e-08 0.374214 9.49656e-13
183 7.07325e-08 0.37428 9.49767e-13
184 7.0624e-08 0.374314 9.49878e-13
185 7.06219e-08 0.374348 9.49989e-13
186 7.06192e-08 0.374547 9.50322e-13
187 7.06046e-08 0.374746 9.50655e-13
188 7.05701e-08 0.37478 9.50766e-13
189 7.05026e-08 0.374979 9.51099e-13
190 7.04745e-08 0.375046 9.5121e-13
191 7.03546e-08 0.375378 9.51765e-13
192 7.03442e-08 0.375577 9.52098e-13
193 7.03317e-08 0.375611 9.52209e-13
194 7.03234e-08 0.375645 9.5232e-13
195 7.0303e-08 0.375711 9.52431e-13
196 7.02936e-08 0.37591 9.52764e-13
197 7.02644e-08 0.375977 9.52875e-13
198 7.02431e-08 0.376043 9.52986e-13
199 7.02208e-08 0.376077 9.53097e-13
200 7.02129e-08 0.376111 9.53208e-13
201 7.02043e-08 0.37631 9.53541e-13
202 7.01579e-08 0.376344 9.53652e-13
203 7.01117e-08 0.376378 9.53763e-13
204 7.00725e-08 0.376412 9.53874e-13
205 7.0067e-08 0.376445 9.53985e-13
206 7.00556e-08 0.376645 9.54318e-13
207 7.00453e-08 0.376678 9.54429e-13
208 7.00341e-08 0.376878 9.54762e-13
209 7.00322e-08 0.377077 9.55095e-13
210 7.00246e-08 0.377276 9.55428e-13
211 7.00107e-08 0.37731 9.55539e-13
212 7.00046e-08 0.377344 9.5565e-13
213 6.99932e-08 0.377378 9.55761e-13
214 6.9974e-08 0.377577 9.56094e-13
215 6.99222e-08 0.377776 9.56427e-13
216 6.99019e-08 0.377976 9.5676e-13
217 6.98604e-08 0.378175 9.57093e-13
218 6.98548e-08 0.378209 9.57204e-13
219 6.985e-08 0.378243 9.57315e-13
220 6.98481e-08 0.378442 9.57648e-13
221 6.98417e-08 0.378476 9.57759e-13
222 6.97476e-08 0.378675 9.58092e-13
223 6.9731e-08 0.378741 9.58203e-13
224 6.97118e-08 0.378941 9.58536e-13
225 6.9711e-08 0.37914 9.58869e-13
226 6.96063e-08 0.379206 9.5898e-13
227 6.94397e-08 0.37924 9.59091e-13
228 6.93652e-08 0.379274 9.59202e-13
229 6.92731e-08 0.379308 9.59313e-13
230 6.91748e-08 0.379507 9.59646e-13
231 6.89555e-08 0.379706 9.59979e-13
232 6.88753e-08 0.37974 9.6009e-13
233 6.8822e-08 0.379939 9.60423e-13
234 6.88011e-08 0.380006 9.60534e-13
235 6.87058e-08 0.380338 9.61089e-13
236 6.86589e-08 0.380537 9.61422e-13
237 6.85042e-08 0.380604 9.61533e-13
238 6.84998e-08 0.38067 9.61644e-13
239 6.83945e-08 0.380737 9.61755e-13
240 6.83921e-08 0.380936 9.62088e-13
241 6.83874e-08 0.381135 9.62421e-13
242 6.83773e-08 0.381335 9.62754e-13
243 6.83645e-08 0.381368 9.62865e-13
244 6.83518e-08 0.381435 9.62976e-13
245 6.83081e-08 0.381501 9.63087e-13
246 6.82876e-08 0.381535 9.63198e-13
247 6.82761e-08 0.381569 9.63309e-13
248 6.82574e-08 0.381603 9.6342e-13
249 6.82173e-08 0.381636 9.63531e-13
250 6.82131e-08 0.38167 9.63642e-13
251 6.82003e-08 0.381737 9.63753e-13
252 6.81906e-08 0.38177 9.63864e-13
253 6.81477e-08 0.38197 9.64197e-13
254 6.81058e-08 0.382036 9.64308e-13
255 6.8095e-08 0.38207 9.64419e-13
256 6.80896e-08 0.382136 9.6453e-13
257 6.80499e-08 0.38217 9.64641e-13
258 6.80399e-08 0.382204 9.64752e-13
259 6.80249e-08 0.382238 9.64863e-13
260 6.80195e-08 0.382437 9.65196e-13
261 6.80049e-08 0.382636 9.65529e-13
262 6.79978e-08 0.382836 9.65862e-13
263 6.79926e-08 0.382902 9.65973e-13
264 6.79771e-08 0.382936 9.66084e-13
265 6.79681e-08 0.383135 9.66417e-13
266 6.79355e-08 0.383202 9.66528e-13
267 6.7886e-08 0.383401 9.66861e-13
268 6.78859e-08 0.383435 9.66972e-13
269 6.78795e-08 0.383634 9.67305e-13
270 6.78346e-08 0.383668 9.67416e-13
271 6.77683e-08 0.383702 9.67527e-13
272 6.77656e-08 0.383735 9.67638e-13
273 6.77289e-08 0.383769 9.67749e-13
274 6.77191e-08 0.383803 9.6786e-13
275 6.76955e-08 0.384002 9.68193e-13
276 6.76353e-08 0.384036 9.68304e-13
277 6.763e-08 0.384102 9.68415e-13
278 6.76109e-08 0.384169 9.68526e-13
279 6.75966e-08 0.384203 9.68637e-13
280 6.75952e-08 0.384402 9.6897e-13
281 6.75875e-08 0.384436 9.69081e-13
282 6.75719e-08 0.384502 9.69192e-13
283 6.75663e-08 0.384702 9.69525e-13
284 6.75597e-08 0.384768 9.69636e-13
285 6.75298e-08 0.384967 9.69969e-13
286 6.75155e-08 0.385001 9.7008e-13
287 6.74591e-08 0.385067 9.70191e-13
288 6.74457e-08 0.385101 9.70302e-13
289 6.74412e-08 0.385135 9.70413e-13
290 6.74353e-08 0.385169 9.70524e-13
291 6.74248e-08 0.385203 9.70635e-13
292 6.73955e-08 0.385402 9.70968e-13
293 6.73725e-08 0.385436 9.71079e-13
294 6.73406e-08 0.385635 9.71412e-13
295 6.73325e-08 0.385669 9.71523e-13
296 6.7304e-08 0.385735 9.71634e-13
297 6.72775e-08 0.385935 9.71967e-13
298 6.72743e-08 0.385968 9.72078e-13
299 6.72641e-08 0.386168 9.72411e-13
300 6.72333e-08 0.386367 9.72744e-13
301 6.72212e-08 0.386401 9.72855e-13
302 6.71885e-08 0.3866 9.73188e-13
303 6.71804e-08 0.386666 9.73299e-13
304 6.71659e-08 0.386733 9.7341e-13
305 6.71054e-08 0.386767 9.73521e-13
306 6.71037e-08 0.386966 9.73854e-13
307 6.70882e-08 0.387 9.73965e-13
308 6.704e-08 0.387199 9.74298e-13
309 6.70063e-08 0.387233 9.74409e-13
310 6.69829e-08 0.387565 9.74964e-13
311 6.69704e-08 0.387631 9.75075e-13
312 6.69417e-08 0.387698 9.75186e-13
313 6.69364e-08 0.387732 9.75297e-13
314 6.68838e-08 0.387798 9.75408e-13
315 6.68773e-08 0.387832 9.75519e-13
316 6.68743e-08 0.388031 9.75852e-13
317 6.68098e-08 0.388231 9.76185e-13
318 6.68014e-08 0.388264 9.76296e-13
319 6.67864e-08 0.388331 9.76407e-13
320 6.67675e-08 0.388365 9.76518e-13
321 6.67467e-08 0.388697 9.77073e-13
322 6.67444e-08 0.388896 9.77406e-13
323 6.67276e-08 0.38893 9.77517e-13
324 6.66987e-08 0.389129 9.7785e-13
325 6.66504e-08 0.389196 9.77961e-13
326 6.66216e-08 0.389229 9.78072e-13
327 6.66175e-08 0.389263 9.78183e-13
328 6.66092e-08 0.389595 9.78738e-13
329 6.65864e-08 0.389662 9.78849e-13
330 6.65532e-08 0.389861 9.79182e-13
331 6.64894e-08 0.389928 9.79293e-13
332 6.64825e-08 0.389961 9.79404e-13
333 6.64782e-08 0.389995 9.79515e-13
334 6.64571e-08 0.390029 9.79626e-13
335 6.64362e-08 0.390063 9.79737e-13
336 6.6434e-08 0.390096 9.79848e-13
337 6.63808e-08 0.390296 9.80181e-13
338 6.63238e-08 0.390362 9.80292e-13
339 6.63211e-08 0.390561 9.80625e-13
340 6.63189e-08 0.390761 9.80958e-13
341 6.63035e-08 0.39096 9.81291e-13
342 6.62926e-08 0.390994 9.81402e-13
343 6.62771e-08 0.391193 9.81735e-13
344 6.62385e-08 0.391227 9.81846e-13
345 6.61989e-08 0.391426 9.82179e-13
346 6.61969e-08 0.391626 9.82512e-13
347 6.61805e-08 0.391692 9.82623e-13
348 6.60782e-08 0.391758 9.82734e-13
349 6.60746e-08 0.391792 9.82845e-13
350 6.60492e-08 0.391826 9.82956e-13
351 6.59912e-08 0.39186 9.83067e-13
352 6.59805e-08 0.392059 9.834e-13
353 6.59718e-08 0.392258 9.83733e-13
354 6.59077e-08 0.392325 9.83844e-13
355 6.58794e-08 0.392359 9.83955e-13
356 6.58703e-08 0.392558 9.84288e-13
357 6.58483e-08 0.392757 9.84621e-13
358 6.58043e-08 0.392957 9.84954e-13
359 6.57871e-08 0.39299 9.85065e-13
360 6.57027e-08 0.39319 9.85398e-13
361 6.56986e-08 0.393223 9.85509e-13
362 6.56976e-08 0.393423 9.85842e-13
363 6.56469e-08 0.393622 9.86175e-13
364 6.56456e-08 0.393656 9.86286e-13
365 6.56067e-08 0.393722 9.86397e-13
366 6.55783e-08 0.393922 9.8673e-13
367 6.55359e-08 0.393955 9.86841e-13
368 6.54976e-08 0.393989 9.86952e-13
369 6.54611e-08 0.394188 9.87285e-13
370 6.54257e-08 0.394222 9.87396e-13
371 6.54034e-08 0.394289 9.87507e-13
372 6.53876e-08 0.394322 9.87618e-13
373 6.538e-08 0.394389 9.87729e-13
374 6.53712e-08 0.394455 9.8784e-13
375 6.5354e-08 0.394788 9.88395e-13
376 6.53409e-08 0.394854 9.88506e-13
377 6.53331e-08 0.394888 9.88617e-13
378 6.53329e-08 0.395087 9.8895e-13
379 6.53304e-08 0.395153 9.89061e-13
380 6.52955e-08 0.395187 9.89172e-13
381 6.52603e-08 0.395387 9.89505e-13
382 6.52398e-08 0.395586 9.89838e-13
383 6.51778e-08 0.39562 9.89949e-13
384 6.51645e-08 0.395653 9.9006e-13
385 6.51628e-08 0.395853 9.90393e-13
386 6.51396e-08 0.395887 9.90504e-13
387 6.51307e-08 0.39592 9.90615e-13
388 6.5114e-08 0.395954 9.90726e-13
389 6.50988e-08 0.396153 9.91059e-13
390 6.50732e-08 0.39622 9.9117e-13
391 6.50707e-08 0.396419 9.91503e-13
392 6.50614e-08 0.396453 9.91614e-13
393 6.5051e-08 0.396487 9.91725e-13
394 6.50227e-08 0.396521 9.91836e-13
395 6.50198e-08 0.396587 9.91947e-13
396 6.5018e-08 0.396653 9.92058e-13
397 6.50061e-08 0.39672 9.92169e-13
398 6.50057e-08 0.396754 9.9228e-13
399 6.49951e-08 0.39682 9.92391e-13
400 6.49808e-08 0.396854 9.92502e-13
401 6.49595e-08 0.396888 9.92613e-13
402 6.49554e-08 0.396921 9.92724e-13
403 6.49388e-08 0.397121 9.93057e-13
404 6.49283e-08 0.397187 9.93168e-13
405 6.49017e-08 0.397386 9.93501e-13
406 6.48899e-08 0.397586 9.93834e-13
407 6.48831e-08 0.397785 9.94167e-13
408 6.48733e-08 0.397984 9.945e-13
409 6.48089e-08 0.398018 9.94611e-13
410 6.47902e-08 0.398217 9.94944e-13
411 6.47497e-08 0.398284 9.95055e-13
412 6.47382e-08 0.398483 9.95388e-13
413 6.47213e-08 0.398517 9.95499e-13
414 6.46983e-08 0.398716 9.95832e-13
415 6.46569e-08 0.398783 9.95943e-13
416 6.46343e-08 0.398982 9.96276e-13
417 6.4632e-08 0.399048 9.96387e-13
418 6.46209e-08 0.399248 9.9672e-13
419 6.46027e-08 0.399282 9.96831e-13
420 6.45797e-08 0.399481 9.97164e-13
421 6.45658e-08 0.39968 9.97497e-13
422 6.45603e-08 0.39988 9.9783e-13
423 6.45576e-08 0.400079 9.98163e-13
424 6.4551e-08 0.400113 9.98274e-13
425 6.45363e-08 0.400179 9.98385e-13
426 6.45293e-08 0.400213 9.98496e-13
427 6.45089e-08 0.400247 9.98607e-13
428 6.44962e-08 0.40028 9.98718e-13
429 6.44728e-08 0.40048 9.99051e-13
430 6.44616e-08 0.400546 9.99162e-13
431 6.44607e-08 0.40058 9.99273e-13
432 6.44474e-08 0.400614 9.99384e-13
433 6.43822e-08 0.400647 9.99495e-13
434 6.43663e-08 0.40098 1.00005e-12
435 6.43352e-08 0.401013 1.00016e-12
436 6.43108e-08 0.401047 1.00027e-12
437 6.43023e-08 0.401247 1.0006e-12
438 6.42974e-08 0.40128 1.00072e-12
439 6.42835e-08 0.401314 1.00083e-12
440 6.42519e-08 0.401348 1.00094e-12
441 6.42075e-08 0.401382 1.00105e-12
442 6.42034e-08 0.401448 1.00116e-12
443 6.41582e-08 0.401482 1.00127e-12
444 6.41549e-08 0.401548 1.00138e-12
445 6.41488e-08 0.401615 1.00149e-12
446 6.4143e-08 0.401681 1.0016e-12
447 6.41341e-08 0.40188 1.00194e-12
448 6.41307e-08 0.401914 1.00205e-12
449 6.40407e-08 0.401981 1.00216e-12
450 6.40166e-08 0.402047 1.00227e-12
451 6.40146e-08 0.402379 1.00282e-12
452 6.39963e-08 0.402431 1.00294e-12
453 6.39716e-08 0.402465 1.00305e-12
454 6.39671e-08 0.402532 1.00316e-12
455 6.39659e-08 0.402565 1.00327e-12
456 6.39337e-08 0.402599 1.00338e-12
457 6.39121e-08 0.402798 1.00371e-12
458 6.38944e-08 0.402998 1.00405e-12
459 6.38758e-08 0.403064 1.00416e-12
460 6.3864e-08 0.403264 1.00449e-12
461 6.38621e-08 0.403297 1.0046e-12
462 6.3854e-08 0.403497 1.00493e-12
463 6.3847e-08 0.403563 1.00504e-12
464 6.38365e-08 0.403597 1.00516e-12
465 6.38228e-08 0.403663 1.00527e-12
466 6.38117e-08 0.40373 1.00538e-12
467 6.38036e-08 0.403929 1.00571e-12
468 6.37587e-08 0.403995 1.00582e-12
469 6.37401e-08 0.404062 1.00593e-12
470 6.37203e-08 0.404261 1.00627e-12
471 6.37189e-08 0.404328 1.00638e-12
472 6.37085e-08 0.404527 1.00671e-12
473 6.37064e-08 0.404561 1.00682e-12
474 6.37039e-08 0.40476 1.00715e-12
475 6.36948e-08 0.404827 1.00726e-12
476 6.36886e-08 0.405026 1.0076e-12
477 6.36846e-08 0.405092 1.00771e-12
478 6.36285e-08 0.405126 1.00782e-12
479 6.36257e-08 0.405325 1.00815e-12
480 6.36185e-08 0.405392 1.00826e-12
481 6.35756e-08 0.405458 1.00837e-12
482 6.35484e-08 0.405658 1.00871e-12
483 6.35351e-08 0.405724 1.00882e-12
484 6.35349e-08 0.405923 1.00915e-12
485 6.35271e-08 0.405975 1.00926e-12
486 6.34957e-08 0.406009 1.00937e-12
487 6.34896e-08 0.406043 1.00948e-12
488 6.34783e-08 0.406109 1.0096e-12
489 6.34694e-08 0.406469 1.01036e-12
490 6.34633e-08 0.406503 1.01047e-12
491 6.34624e-08 0.406702 1.0108e-12
492 6.34459e-08 0.406736 1.01091e-12
493 6.33854e-08 0.406802 1.01102e-12
494 6.3381e-08 0.406869 1.01113e-12
495 6.33275e-08 0.406903 1.01124e-12
496 6.33003e-08 0.407102 1.01158e-12
497 6.32998e-08 0.407301 1.01191e-12
498 6.32961e-08 0.407335 1.01202e-12
499 6.32375e-08 0.407401 1.01213e-12
500 6.32184e-08 0.407601 1.01247e-12
501 6.32176e-08 0.4078 1.0128e-12
502 6.32041e-08 0.407999 1.01313e-12
503 6.31766e-08 0.408033 1.01324e-12
504 6.31622e-08 0.408067 1.01335e-12
505 6.31511e-08 0.408266 1.01369e-12
506 6.31443e-08 0.4083 1.0138e-12
507 6.31356e-08 0.408334 1.01391e-12
508 6.31165e-08 0.4084 1.01402e-12
509 6.3066e-08 0.408616 1.01448e-12
510 6.30381e-08 0.408815 1.01481e-12
511 6.30243e-08 0.408849 1.01492e-12
512 6.3023e-08 0.408883 1.01503e-12
513 6.30143e-08 0.408949 1.01514e-12
514 6.30068e-08 0.409149 1.01547e-12
515 6.29837e-08 0.409215 1.01559e-12
516 6.29754e-08 0.409414 1.01592e-12
517 6.29358e-08 0.409448 1.01603e-12
518 6.2929e-08 0.409515 1.01614e-12
519 6.29212e-08 0.409581 1.01625e-12
520 6.29188e-08 0.40978 1.01658e-12
521 6.289e-08 0.409852 1.01674e-12
522 6.28825e-08 0.410052 1.01707e-12
523 6.28781e-08 0.410118 1.01718e-12
524 6.28589e-08 0.410317 1.01751e-12
525 6.2847e-08 0.410384 1.01762e-12
526 6.2799e-08 0.4106 1.01808e-12
527 6.27903e-08 0.410633 1.01819e-12
528 6.27888e-08 0.410667 1.0183e-12
529 6.27739e-08 0.410883 1.01876e-12
530 6.27563e-08 0.411082 1.01909e-12
531 6.27469e-08 0.411149 1.0192e-12
532 6.26782e-08 0.411215 1.01931e-12
533 6.26656e-08 0.411414 1.01965e-12
534 6.2653e-08 0.411448 1.01976e-12
535 6.26493e-08 0.411515 1.01987e-12
536 6.26308e-08 0.411587 1.02002e-12
537 6.26284e-08 0.41162 1.02013e-12
538 6.26069e-08 0.411687 1.02024e-12
539 6.25912e-08 0.411721 1.02035e-12
540 6.25787e-08 0.411936 1.02081e-12
541 6.25427e-08 0.411996 1.02096e-12
542 6.25426e-08 0.412196 1.0213e-12
543 6.25079e-08 0.412229 1.02141e-12
544 6.24876e-08 0.412429 1.02174e-12
545 6.24726e-08 0.412628 1.02207e-12
546 6.24529e-08 0.412662 1.02218e-12
547 6.24488e-08 0.412696 1.02229e-12
548 6.24387e-08 0.412738 1.02245e-12
549 6.24246e-08 0.412771 1.02256e-12
550 6.24042e-08 0.412805 1.02267e-12
551 6.23935e-08 0.412839 1.02278e-12
552 6.23752e-08 0.413055 1.02324e-12
553 6.23608e-08 0.413121 1.02335e-12
554 6.23453e-08 0.413188 1.02346e-12
555 6.23424e-08 0.41352 1.02401e-12
556 6.23408e-08 0.413586 1.02412e-12
557 6.23382e-08 0.413785 1.02446e-12
558 6.23197e-08 0.413852 1.02457e-12
559 6.2299e-08 0.413886 1.02468e-12
560 6.22906e-08 0.414085 1.02501e-12
561 6.22751e-08 0.414119 1.02512e-12
562 6.22291e-08 0.414318 1.02546e-12
563 6.22206e-08 0.414352 1.02557e-12
564 6.22014e-08 0.414418 1.02568e-12
565 6.21921e-08 0.41449 1.02583e-12
566 6.21834e-08 0.414557 1.02594e-12
567 6.21635e-08 0.414623 1.02605e-12
568 6.21582e-08 0.414822 1.02638e-12
569 6.21365e-08 0.415022 1.02672e-12
570 6.21207e-08 0.415238 1.02717e-12
571 6.2113e-08 0.415271 1.02728e-12
572 6.20964e-08 0.415487 1.02774e-12
573 6.20699e-08 0.415521 1.02785e-12
574 6.20611e-08 0.41572 1.02819e-12
575 6.20465e-08 0.415787 1.0283e-12
576 6.204e-08 0.41582 1.02841e-12
577 6.20191e-08 0.415887 1.02852e-12
578 6.1991e-08 0.416086 1.02885e-12
579 6.19549e-08 0.41612 1.02896e-12
580 6.19511e-08 0.416154 1.02907e-12
581 6.19444e-08 0.416188 1.02918e-12
582 6.19322e-08 0.416259 1.02934e-12
583 6.19209e-08 0.416459 1.02967e-12
584 6.18984e-08 0.416531 1.02982e-12
585 6.18821e-08 0.41673 1.03015e-12
586 6.18805e-08 0.416929 1.03049e-12
587 6.18749e-08 0.416963 1.0306e-12
588 6.18727e-08 0.417162 1.03093e-12
589 6.18705e-08 0.417196 1.03104e-12
590 6.18698e-08 0.41723 1.03115e-12
591 6.18637e-08 0.417264 1.03126e-12
592 6.18582e-08 0.41748 1.03172e-12
593 6.18451e-08 0.417679 1.03205e-12
594 6.18259e-08 0.417713 1.03216e-12
595 6.18053e-08 0.417779 1.03228e-12
596 6.17812e-08 0.417978 1.03261e-12
597 6.17597e-08 0.418045 1.03272e-12
598 6.17345e-08 0.418244 1.03305e-12
599 6.17229e-08 0.418443 1.03339e-12
600 6.17072e-08 0.418643 1.03372e-12
601 6.1697e-08 0.418859 1.03417e-12
602 6.16955e-08 0.418892 1.03429e-12
603 6.16635e-08 0.419092 1.03462e-12
604 6.16392e-08 0.419158 1.03473e-12
605 6.16327e-08 0.419357 1.03506e-12
606 6.1606e-08 0.419391 1.03517e-12
607 6.15929e-08 0.419458 1.03528e-12
608 6.15792e-08 0.419491 1.0354e-12
609 6.15634e-08 0.419691 1.03573e-12
610 6.15324e-08 0.419907 1.03618e-12
611 6.14909e-08 0.41994 1.0363e-12
612 6.14594e-08 0.419974 1.03641e-12
613 6.14488e-08 0.420008 1.03652e-12
614 6.14227e-08 0.420042 1.03663e-12
615 6.14172e-08 0.420258 1.03709e-12
616 6.14116e-08 0.420291 1.0372e-12
617 6.14076e-08 0.420491 1.03753e-12
618 6.13916e-08 0.42069 1.03786e-12
619 6.13845e-08 0.420756 1.03797e-12
620 6.13727e-08 0.420816 1.03813e-12
621 6.13634e-08 0.421016 1.03846e-12
622 6.13542e-08 0.421049 1.03857e-12
623 6.13262e-08 0.421116 1.03868e-12
624 6.13203e-08 0.42115 1.03879e-12
625 6.13003e-08 0.421216 1.0389e-12
626 6.12999e-08 0.421283 1.03901e-12
627 6.12854e-08 0.421615 1.03957e-12
628 6.1282e-08 0.421649 1.03968e-12
629 6.12804e-08 0.42172 1.03983e-12
630 6.12776e-08 0.421787 1.03994e-12
631 6.12709e-08 0.421986 1.04028e-12
632 6.12654e-08 0.42202 1.04039e-12
633 6.12589e-08 0.422086 1.0405e-12
634 6.12511e-08 0.422153 1.04061e-12
635 6.12366e-08 0.422187 1.04072e-12
636 6.12362e-08 0.422253 1.04083e-12
637 6.12107e-08 0.422295 1.04098e-12
638 6.12057e-08 0.422494 1.04132e-12
639 6.1191e-08 0.422694 1.04165e-12
640 6.11893e-08 0.422727 1.04176e-12
641 6.11876e-08 0.422943 1.04222e-12
642 6.11604e-08 0.42301 1.04233e-12
643 6.11562e-08 0.423209 1.04266e-12
644 6.11478e-08 0.423243 1.04277e-12
645 6.11175e-08 0.423309 1.04288e-12
646 6.1108e-08 0.423376 1.04299e-12
647 6.11055e-08 0.423442 1.0431e-12
648 6.1085e-08 0.423641 1.04344e-12
649 6.1082e-08 0.423708 1.04355e-12
650 6.10807e-08 0.423774 1.04366e-12
651 6.10777e-08 0.423973 1.04399e-12
652 6.10749e-08 0.424189 1.04445e-12
653 6.10592e-08 0.424389 1.04478e-12
654 6.10492e-08 0.424588 1.04511e-12
655 6.10474e-08 0.42466 1.04527e-12
656 6.10393e-08 0.424876 1.04572e-12
657 6.10043e-08 0.425075 1.04606e-12
658 6.09903e-08 0.425141 1.04617e-12
659 6.09846e-08 0.425175 1.04628e-12
660 6.09759e-08 0.425217 1.04643e-12
661 6.09404e-08 0.425416 1.04676e-12
662 6.09392e-08 0.42545 1.04687e-12
663 6.09342e-08 0.42581 1.04763e-12
664 6.08758e-08 0.425876 1.04774e-12
665 6.08755e-08 0.426076 1.04808e-12
666 6.08733e-08 0.426275 1.04841e-12
667 6.08641e-08 0.426309 1.04852e-12
668 6.08612e-08 0.426375 1.04863e-12
669 6.08601e-08 0.426442 1.04874e-12
670 6.08529e-08 0.426641 1.04908e-12
671 6.08497e-08 0.426707 1.04919e-12
672 6.0848e-08 0.426923 1.04964e-12
673 6.08366e-08 0.427122 1.04998e-12
674 6.08222e-08 0.427156 1.05009e-12
675 6.08094e-08 0.427355 1.05042e-12
676 6.08053e-08 0.427422 1.05053e-12
677 6.07956e-08 0.427638 1.05099e-12
678 6.07951e-08 0.427854 1.05144e-12
679 6.07838e-08 0.428053 1.05178e-12
680 6.07558e-08 0.428105 1.05189e-12
681 6.07414e-08 0.428304 1.05222e-12
682 6.07249e-08 0.428371 1.05233e-12
683 6.07211e-08 0.42857 1.05267e-12
684 6.07004e-08 0.428769 1.053e-12
685 6.06987e-08 0.428803 1.05311e-12
686 6.06699e-08 0.429002 1.05344e-12
687 6.06654e-08 0.429036 1.05355e-12
688 6.06615e-08 0.429235 1.05389e-12
689 6.06551e-08 0.429435 1.05422e-12
690 6.06428e-08 0.429501 1.05443e-12
691 6.06363e-08 0.4297 1.05476e-12
692 6.06097e-08 0.429742 1.05491e-12
693 6.06082e-08 0.429942 1.05525e-12
694 6.06045e-08 0.430008 1.05536e-12
695 6.05993e-08 0.430207 1.05569e-12
696 6.05815e-08 0.430274 1.0558e-12
697 6.05791e-08 0.430473 1.05613e-12
698 6.05639e-08 0.430525 1.05624e-12
699 6.05639e-08 0.430741 1.0567e-12
700 6.05624e-08 0.430807 1.05681e-12
701 6.05474e-08 0.430841 1.05692e-12
702 6.05413e-08 0.430908 1.05703e-12
703 6.05381e-08 0.431107 1.05737e-12
704 6.05308e-08 0.431173 1.05748e-12
705 6.05251e-08 0.431245 1.05763e-12
706 6.04996e-08 0.431445 1.05796e-12
707 6.04956e-08 0.431644 1.0583e-12
708 6.04857e-08 0.43171 1.05841e-12
709 6.04836e-08 0.431752 1.05856e-12
710 6.0459e-08 0.431824 1.05871e-12
711 6.04444e-08 0.432023 1.05904e-12
712 6.04407e-08 0.43209 1.05915e-12
713 6.04285e-08 0.432132 1.05931e-12
714 6.04228e-08 0.432204 1.05946e-12
715 6.04143e-08 0.432237 1.05957e-12
716 6.0399e-08 0.432304 1.05968e-12
717 6.03958e-08 0.43252 1.06014e-12
718 6.03855e-08 0.432562 1.06029e-12
719 6.03783e-08 0.432628 1.0604e-12
720 6.03743e-08 0.432694 1.06051e-12
721 6.03724e-08 0.43291 1.06097e-12
722 6.0367e-08 0.433126 1.06142e-12
723 6.03591e-08 0.43316 1.06153e-12
724 6.03559e-08 0.433376 1.06199e-12
725 6.03517e-08 0.433591 1.06245e-12
726 6.03442e-08 0.433633 1.0626e-12
727 6.03137e-08 0.433685 1.06271e-12
728 6.03085e-08 0.433885 1.06304e-12
729 6.03001e-08 0.433927 1.0632e-12
730 6.02653e-08 0.434142 1.06365e-12
731 6.02566e-08 0.434184 1.0638e-12
732 6.0248e-08 0.434218 1.06391e-12
733 6.0238e-08 0.43427 1.06403e-12
734 6.01823e-08 0.434486 1.06448e-12
735 6.01747e-08 0.434552 1.06459e-12
736 6.01706e-08 0.434624 1.06474e-12
737 6.01613e-08 0.434691 1.06486e-12
738 6.0139e-08 0.434733 1.06501e-12
739 6.01331e-08 0.434804 1.06516e-12
740 6.01286e-08 0.434871 1.06527e-12
741 6.01282e-08 0.434937 1.06538e-12
742 6.0123e-08 0.435004 1.06549e-12
743 6.01161e-08 0.43507 1.0656e-12
744 6.01144e-08 0.43527 1.06594e-12
745 6.01108e-08 0.435311 1.06609e-12
746 6.0108e-08 0.435527 1.06655e-12
747 6.01031e-08 0.435726 1.06688e-12
748 6.00929e-08 0.435768 1.06703e-12
749 6.00887e-08 0.435835 1.06714e-12
750 6.00869e-08 0.435869 1.06725e-12
751 6.0086e-08 0.436084 1.06771e-12
752 6.00792e-08 0.4363 1.06816e-12
753 6.00696e-08 0.436367 1.06828e-12
754 6.00596e-08 0.436433 1.06839e-12
755 6.00569e-08 0.436475 1.06854e-12
756 6.00456e-08 0.436674 1.06887e-12
757 6.00268e-08 0.436746 1.06902e-12
758 6.00251e-08 0.436813 1.06913e-12
759 6.00228e-08 0.436879 1.06925e-12
760 6.00161e-08 0.436945 1.06936e-12
761 6.00006e-08 0.436987 1.06951e-12
762 5.99995e-08 0.437029 1.06966e-12
763 5.99729e-08 0.437096 1.06977e-12
764 5.99618e-08 0.437137 1.06992e-12
765 5.99594e-08 0.437171 1.07004e-12
766 5.99588e-08 0.437371 1.07037e-12
767 5.99567e-08 0.437404 1.07048e-12
768 5.99561e-08 0.437471 1.07059e-12
769 5.99467e-08 0.437513 1.07074e-12
770 5.99367e-08 0.437579 1.07085e-12
771 5.99326e-08 0.437613 1.07096e-12
772 5.99297e-08 0.437812 1.0713e-12
773 5.99294e-08 0.437854 1.07145e-12
774 5.9924e-08 0.43792 1.07156e-12
775 5.99136e-08 0.437987 1.07167e-12
776 5.99131e-08 0.438053 1.07178e-12
777 5.99115e-08 0.438269 1.07224e-12
778 5.98915e-08 0.438468 1.07257e-12
779 5.98887e-08 0.438684 1.07303e-12
780 5.98869e-08 0.438751 1.07314e-12
781 5.98846e-08 0.438793 1.07329e-12
782 5.98863e-08 0.438864 1.07344e-12
783 5.98746e-08 0.43908 1.0739e-12
784 5.98594e-08 0.43928 1.07423e-12
785 5.98458e-08 0.439313 1.07434e-12
786 5.9803e-08 0.439355 1.0745e-12
787 5.98009e-08 0.439571 1.07495e-12
788 5.97516e-08 0.439787 1.07541e-12
789 5.97485e-08 0.439821 1.07552e-12
790 5.97466e-08 0.439887 1.07563e-12
791 5.97425e-08 0.439954 1.07574e-12
792 5.97827e-08 0.440025 1.07589e-12
793 5.97274e-08 0.440241 1.07635e-12
794 5.97264e-08 0.440457 1.07681e-12
795 5.97036e-08 0.440529 1.07696e-12
796 5.96786e-08 0.440728 1.07729e-12
797 5.96623e-08 0.44077 1.07744e-12
798 5.9633e-08 0.440837 1.07755e-12
799 5.96149e-08 0.440909 1.07771e-12
800 5.96045e-08 0.440942 1.07782e-12
801 5.95922e-08 0.440976 1.07793e-12
802 5.95655e-08 0.441192 1.07838e-12
803 5.95574e-08 0.441391 1.07872e-12
804 5.95297e-08 0.441607 1.07917e-12
805 5.95209e-08 0.441823 1.07963e-12
806 5.94668e-08 0.441889 1.07974e-12
807 5.94543e-08 0.442089 1.08007e-12
808 5.94523e-08 0.442288 1.08041e-12
809 5.94508e-08 0.442487 1.08074e-12
810 5.94436e-08 0.442703 1.0812e-12
811 5.94252e-08 0.442902 1.08153e-12
812 5.94207e-08 0.443102 1.08186e-12
813 5.94186e-08 0.443143 1.08201e-12
814 5.94115e-08 0.443343 1.08235e-12
815 5.94079e-08 0.443377 1.08246e-12
816 5.9381e-08 0.443592 1.08291e-12
817 5.93762e-08 0.443659 1.08302e-12
818 5.93637e-08 0.443701 1.08318e-12
819 5.93562e-08 0.4439 1.08351e-12
820 5.9345e-08 0.443934 1.08362e-12
821 5.93392e-08 0.443968 1.08373e-12
822 5.93364e-08 0.444001 1.08384e-12
823 5.93316e-08 0.444035 1.08395e-12
824 5.93254e-08 0.444077 1.08411e-12
825 5.93203e-08 0.444293 1.08456e-12
826 5.93148e-08 0.444492 1.08489e-12
827 5.93032e-08 0.444691 1.08523e-12
828 5.92958e-08 0.444891 1.08556e-12
829 5.92877e-08 0.444957 1.08567e-12
830 5.9287e-08 0.445173 1.08613e-12
831 5.92817e-08 0.445215 1.08628e-12
832 5.92734e-08 0.445287 1.08643e-12
833 5.92658e-08 0.445321 1.08654e-12
834 5.9257e-08 0.445536 1.087e-12
835 5.92531e-08 0.445596 1.08715e-12
836 5.92432e-08 0.445812 1.08761e-12
837 5.92342e-08 0.445879 1.08782e-12
838 5.92324e-08 0.446094 1.08827e-12
839 5.92302e-08 0.446161 1.08838e-12
840 5.92239e-08 0.446377 1.08884e-12
841 5.92133e-08 0.446448 1.08899e-12
842 5.9152e-08 0.446664 1.08945e-12
843 5.91505e-08 0.446731 1.08956e-12
844 5.91087e-08 0.446765 1.08967e-12
845 5.90622e-08 0.446836 1.08982e-12
846 5.90497e-08 0.447196 1.09058e-12
847 5.90309e-08 0.44723 1.09069e-12
848 5.89865e-08 0.447272 1.09085e-12
849 5.89421e-08 0.447314 1.091e-12
850 5.88036e-08 0.447529 1.09145e-12
851 5.87953e-08 0.447729 1.09179e-12
852 5.87857e-08 0.447945 1.09224e-12
853 5.87611e-08 0.44816 1.0927e-12
854 5.87358e-08 0.448194 1.09281e-12
855 5.87243e-08 0.448266 1.09296e-12
856 5.87142e-08 0.4483 1.09307e-12
857 5.86953e-08 0.448366 1.09318e-12
858 5.86914e-08 0.448433 1.09329e-12
859 5.86858e-08 0.448505 1.09345e-12
860 5.86509e-08 0.448577 1.0936e-12
861 5.86441e-08 0.448643 1.09371e-12
862 5.86404e-08 0.448677 1.09382e-12
863 5.86376e-08 0.448737 1.09397e-12
864 5.86357e-08 0.448803 1.09408e-12
865 5.86267e-08 0.448875 1.09424e-12
866 5.86192e-08 0.448947 1.09439e-12
867 5.86168e-08 0.448989 1.09454e-12
868 5.86077e-08 0.449205 1.095e-12
869 5.85748e-08 0.449271 1.09511e-12
870 5.85743e-08 0.449631 1.09587e-12
871 5.85703e-08 0.449673 1.09602e-12
872 5.8563e-08 0.449745 1.09617e-12
873 5.85371e-08 0.449944 1.0965e-12
874 5.85295e-08 0.449978 1.09662e-12
875 5.85281e-08 0.450194 1.09707e-12
876 5.85074e-08 0.45026 1.09718e-12
877 5.85022e-08 0.450302 1.09734e-12
878 5.84984e-08 0.450368 1.09745e-12
879 5.84767e-08 0.450568 1.09778e-12
880 5.84755e-08 0.450767 1.09811e-12
881 5.84704e-08 0.450801 1.09822e-12
882 5.84596e-08 0.450873 1.09838e-12
883 5.84178e-08 0.450945 1.09853e-12
884 5.84117e-08 0.451017 1.09868e-12
885 5.83871e-08 0.451058 1.09883e-12
886 5.83756e-08 0.451274 1.09929e-12
887 5.83674e-08 0.45149 1.09974e-12
888 5.83658e-08 0.451532 1.0999e-12
889 5.83621e-08 0.451574 1.10005e-12
890 5.83339e-08 0.45179 1.1005e-12
891 5.83333e-08 0.451861 1.10066e-12
892 5.83249e-08 0.451895 1.10077e-12
893 5.83199e-08 0.451937 1.10092e-12
894 5.83182e-08 0.451979 1.10107e-12
895 5.83084e-08 0.452195 1.10153e-12
896 5.82905e-08 0.452229 1.10164e-12
897 5.82882e-08 0.45227 1.10179e-12
898 5.82823e-08 0.452337 1.1019e-12
899 5.82742e-08 0.452697 1.10266e-12
900 5.82641e-08 0.452738 1.10281e-12
901 5.82545e-08 0.452805 1.10293e-12
902 5.82513e-08 0.452871 1.10304e-12
903 5.82342e-08 0.453071 1.10337e-12
904 5.8233e-08 0.453286 1.10383e-12
905 5.82326e-08 0.453353 1.10394e-12
906 5.82297e-08 0.453425 1.10409e-12
907 5.82284e-08 0.453491 1.1042e-12
908 5.82266e-08 0.453533 1.10435e-12
909 5.82176e-08 0.453732 1.10468e-12
910 5.82172e-08 0.453766 1.1048e-12
911 5.82117e-08 0.453982 1.10525e-12
912 5.82079e-08 0.454016 1.10536e-12
913 5.8205e-08 0.454058 1.10551e-12
914 5.81894e-08 0.454091 1.10563e-12
915 5.81879e-08 0.454307 1.10608e-12
916 5.81826e-08 0.454523 1.10654e-12
917 5.81601e-08 0.454565 1.10669e-12
918 5.81375e-08 0.454781 1.10715e-12
919 5.81205e-08 0.454823 1.1073e-12
920 5.81102e-08 0.455038 1.10775e-12
921 5.81072e-08 0.455072 1.10787e-12
922 5.80965e-08 0.455114 1.10802e-12
923 5.8094e-08 0.455186 1.10817e-12
924 5.80925e-08 0.455385 1.1085e-12
925 5.8091e-08 0.455601 1.10896e-12
926 5.80902e-08 0.455635 1.10907e-12
927 5.80787e-08 0.455851 1.10953e-12
928 5.80723e-08 0.45605 1.10986e-12
929 5.80517e-08 0.456249 1.11019e-12
930 5.80515e-08 0.456283 1.1103e-12
931 5.80417e-08 0.456499 1.11076e-12
932 5.80251e-08 0.456541 1.11091e-12
933 5.80049e-08 0.456613 1.11106e-12
934 5.79955e-08 0.456828 1.11152e-12
935 5.79635e-08 0.457044 1.11198e-12
936 5.79629e-08 0.457111 1.11209e-12
937 5.79594e-08 0.457326 1.11254e-12
938 5.79365e-08 0.457398 1.1127e-12
939 5.79228e-08 0.45747 1.11285e-12
940 5.79139e-08 0.457542 1.113e-12
941 5.79029e-08 0.457584 1.11315e-12
942 5.78952e-08 0.457656 1.1133e-12
943 5.78839e-08 0.457698 1.11346e-12
944 5.78754e-08 0.457732 1.11357e-12
945 5.78718e-08 0.457765 1.11368e-12
946 5.78671e-08 0.457832 1.11379e-12
947 5.78651e-08 0.457874 1.11394e-12
948 5.78648e-08 0.457946 1.11409e-12
949 5.78585e-08 0.458018 1.11425e-12
950 5.78531e-08 0.458059 1.1144e-12
951 5.78511e-08 0.458275 1.11485e-12
952 5.7849e-08 0.458491 1.11531e-12
953 5.78456e-08 0.458533 1.11546e-12
954 5.7843e-08 0.458575 1.11561e-12
955 5.78353e-08 0.458617 1.11577e-12
956 5.78202e-08 0.458832 1.11622e-12
957 5.78168e-08 0.459048 1.11668e-12
958 5.78137e-08 0.459264 1.11713e-12
959 5.78131e-08 0.459306 1.11729e-12
960 5.78074e-08 0.459372 1.1174e-12
961 5.78028e-08 0.459572 1.11773e-12
962 5.77993e-08 0.459644 1.11788e-12
963 5.77988e-08 0.459685 1.11803e-12
964 5.77967e-08 0.459746 1.11819e-12
965 5.77901e-08 0.459787 1.11834e-12
966 5.77874e-08 0.459821 1.11845e-12
967 5.77804e-08 0.460037 1.11891e-12
968 5.77716e-08 0.460071 1.11902e-12
969 5.77709e-08 0.46027 1.11935e-12
970 5.77569e-08 0.460486 1.11981e-12
971 5.7753e-08 0.460702 1.12026e-12
972 5.77287e-08 0.460774 1.12041e-12
973 5.77216e-08 0.460807 1.12053e-12
974 5.77138e-08 0.460874 1.12064e-12
975 5.77106e-08 0.46094 1.12075e-12
976 5.76982e-08 0.461007 1.12086e-12
977 5.76907e-08 0.461238 1.12148e-12
978 5.76866e-08 0.461454 1.12194e-12
979 5.76839e-08 0.461653 1.12227e-12
980 5.76807e-08 0.462013 1.12303e-12
981 5.76797e-08 0.462054 1.12319e-12
982 5.76791e-08 0.46227 1.12364e-12
983 5.76639e-08 0.462312 1.12379e-12
984 5.7645e-08 0.462379 1.1239e-12
985 5.76335e-08 0.462578 1.12424e-12
986 5.76122e-08 0.46262 1.12439e-12
987 5.76088e-08 0.462654 1.1245e-12
988 5.75936e-08 0.462869 1.12496e-12
989 5.75587e-08 0.462939 1.12524e-12
990 5.75544e-08 0.463011 1.12539e-12
991 5.75389e-08 0.463045 1.12551e-12
992 5.75267e-08 0.463079 1.12562e-12
993 5.75193e-08 0.463151 1.12577e-12
994 5.75183e-08 0.463217 1.12588e-12
995 5.75132e-08 0.463433 1.12634e-12
996 5.75054e-08 0.463467 1.12645e-12
997 5.75032e-08 0.463666 1.12678e-12
998 5.74975e-08 0.463743 1.12699e-12
999 5.74817e-08 0.463785 1.12714e-12
1000 5.7478e-08 0.463819 1.12725e-12
1001 5.74709e-08 0.464018 1.12758e-12
1002 5.74665e-08 0.464403 1.12863e-12
1003 5.74519e-08 0.46447 1.12874e-12
1004 5.74408e-08 0.46483 1.1295e-12
1005 5.74106e-08 0.464871 1.12965e-12
1006 5.74023e-08 0.464938 1.12976e-12
1007 5.73964e-08 0.46501 1.12991e-12
1008 5.7394e-08 0.465076 1.13002e-12
1009 5.73845e-08 0.465118 1.13017e-12
1010 5.73492e-08 0.465184 1.13029e-12
1011 5.73296e-08 0.4654 1.13074e-12
1012 5.73057e-08 0.465472 1.13089e-12
1013 5.72913e-08 0.465832 1.13165e-12
1014 5.72898e-08 0.466031 1.13199e-12
1015 5.72803e-08 0.466073 1.13214e-12
1016 5.72755e-08 0.466145 1.13229e-12
1017 5.72537e-08 0.466179 1.1324e-12
1018 5.72439e-08 0.466251 1.13255e-12
1019 5.72344e-08 0.466323 1.13271e-12
1020 5.72205e-08 0.466554 1.13333e-12
1021 5.72055e-08 0.466588 1.13344e-12
1022 5.71981e-08 0.466621 1.13355e-12
1023 5.71846e-08 0.466837 1.13401e-12
1024 5.71773e-08 0.466879 1.13416e-12
1025 5.71719e-08 0.467078 1.1345e-12
1026 5.71692e-08 0.46715 1.13465e-12
1027 5.7166e-08 0.467366 1.1351e-12
1028 5.71578e-08 0.467433 1.13521e-12
1029 5.7152e-08 0.467504 1.13537e-12
1030 5.71519e-08 0.467576 1.13552e-12
1031 5.71472e-08 0.467643 1.13563e-12
1032 5.71415e-08 0.467677 1.13574e-12
1033 5.71389e-08 0.467718 1.13589e-12
1034 5.71312e-08 0.468078 1.13665e-12
1035 5.71288e-08 0.468309 1.13728e-12
1036 5.71228e-08 0.468376 1.13739e-12
1037 5.71113e-08 0.468418 1.13754e-12
1038 5.7096e-08 0.468484 1.13765e-12
1039 5.70959e-08 0.468526 1.1378e-12
1040 5.70936e-08 0.468598 1.13796e-12
1041 5.70868e-08 0.46864 1.13811e-12
1042 5.70741e-08 0.468673 1.13822e-12
1043 5.7074e-08 0.46874 1.13843e-12
1044 5.70719e-08 0.468956 1.13888e-12
1045 5.70547e-08 0.469016 1.13904e-12
1046 5.70538e-08 0.469088 1.13919e-12
1047 5.70523e-08 0.469121 1.1393e-12
1048 5.70458e-08 0.469155 1.13941e-12
1049 5.70454e-08 0.469197 1.13956e-12
1050 5.70416e-08 0.469413 1.14002e-12
1051 5.70302e-08 0.469447 1.14013e-12
1052 5.70281e-08 0.469513 1.14024e-12
1053 5.70028e-08 0.469563 1.14045e-12
1054 5.70075e-08 0.469795 1.14107e-12
1055 5.70001e-08 0.469866 1.14123e-12
1056 5.69979e-08 0.469908 1.14138e-12
1057 5.69935e-08 0.470124 1.14183e-12
1058 5.69764e-08 0.470191 1.14194e-12
1059 5.69683e-08 0.470243 1.14206e-12
1060 5.6962e-08 0.470442 1.14239e-12
1061 5.69601e-08 0.470641 1.14272e-12
1062 5.6959e-08 0.470857 1.14318e-12
1063 5.69552e-08 0.470929 1.14333e-12
1064 5.69544e-08 0.471128 1.14366e-12
1065 5.69517e-08 0.47117 1.14382e-12
1066 5.69488e-08 0.471386 1.14427e-12
1067 5.69473e-08 0.471428 1.14442e-12
1068 5.69467e-08 0.471627 1.14476e-12
1069 5.69457e-08 0.471843 1.14521e-12
1070 5.69388e-08 0.471909 1.14532e-12
1071 5.69342e-08 0.471943 1.14543e-12
1072 5.6934e-08 0.472015 1.14559e-12
1073 5.6933e-08 0.472231 1.14604e-12
1074 5.69229e-08 0.472301 1.14633e-12
1075 5.69087e-08 0.472517 1.14678e-12
1076 5.69e-08 0.472559 1.14694e-12
1077 5.68983e-08 0.472636 1.14715e-12
1078 5.68761e-08 0.472678 1.1473e-12
1079 5.68637e-08 0.472893 1.14775e-12
1080 5.68617e-08 0.472935 1.14791e-12
1081 5.68616e-08 0.473012 1.14811e-12
1082 5.68578e-08 0.473054 1.14827e-12
1083 5.68543e-08 0.473096 1.14842e-12
1084 5.68491e-08 0.473312 1.14887e-12
1085 5.68432e-08 0.473362 1.14908e-12
1086 5.68192e-08 0.473593 1.14971e-12
1087 5.68186e-08 0.473665 1.14986e-12
1088 5.6799e-08 0.473707 1.15001e-12
1089 5.67885e-08 0.473779 1.15016e-12
1090 5.6786e-08 0.473856 1.15037e-12
1091 5.67774e-08 0.47389 1.15048e-12
1092 5.67736e-08 0.474089 1.15082e-12
1093 5.67734e-08 0.474131 1.15097e-12
1094 5.67711e-08 0.474347 1.15142e-12
1095 5.67655e-08 0.474732 1.15247e-12
1096 5.67622e-08 0.474799 1.15258e-12
1097 5.67539e-08 0.47487 1.15273e-12
1098 5.67518e-08 0.474904 1.15284e-12
1099 5.67484e-08 0.475104 1.15317e-12
1100 5.67298e-08 0.475145 1.15333e-12
1101 5.67226e-08 0.475217 1.15348e-12
1102 5.67128e-08 0.475433 1.15393e-12
1103 5.67111e-08 0.475632 1.15427e-12
1104 5.6703e-08 0.475666 1.15438e-12
1105 5.67005e-08 0.475708 1.15453e-12
1106 5.67037e-08 0.476105 1.15596e-12
1107 5.67011e-08 0.476305 1.15629e-12
1108 5.66844e-08 0.476371 1.1564e-12
1109 5.6672e-08 0.476587 1.15686e-12
1110 5.66577e-08 0.476786 1.15719e-12
1111 5.6655e-08 0.476828 1.15734e-12
1112 5.66324e-08 0.477044 1.1578e-12
1113 5.66175e-08 0.477275 1.15842e-12
1114 5.66123e-08 0.477341 1.15853e-12
1115 5.66097e-08 0.477557 1.15899e-12
1116 5.66061e-08 0.477629 1.15914e-12
1117 5.65878e-08 0.477845 1.1596e-12
1118 5.65831e-08 0.477911 1.15971e-12
1119 5.65316e-08 0.478143 1.16033e-12
1120 5.65742e-08 0.478381 1.16119e-12
1121 5.65302e-08 0.478447 1.1613e-12
1122 5.65283e-08 0.478663 1.16176e-12
1123 5.65277e-08 0.478894 1.16238e-12
1124 5.65256e-08 0.478961 1.16249e-12
1125 5.65055e-08 0.478995 1.16261e-12
1126 5.65049e-08 0.479061 1.16272e-12
1127 5.65921e-08 0.479299 1.16357e-12
1128 5.64935e-08 0.479371 1.16372e-12
1129 5.64782e-08 0.479443 1.16388e-12
1130 5.64682e-08 0.479674 1.1645e-12
1131 5.6462e-08 0.479716 1.16465e-12
1132 5.64532e-08 0.479947 1.16528e-12
1133 5.64477e-08 0.480019 1.16543e-12
1134 5.64453e-08 0.480096 1.16564e-12
1135 5.64243e-08 0.480312 1.1661e-12
1136 5.64168e-08 0.48055 1.16695e-12
1137 5.64058e-08 0.480622 1.1671e-12
1138 5.64032e-08 0.480861 1.16796e-12
1139 5.63874e-08 0.480903 1.16811e-12
1140 5.64316e-08 0.48098 1.16832e-12
1141 5.63868e-08 0.481179 1.16865e-12
1142 5.64112e-08 0.48141 1.16928e-12
1143 5.63863e-08 0.481444 1.16939e-12
1144 5.63842e-08 0.481521 1.1696e-12
1145 5.63822e-08 0.481881 1.17036e-12
