0 6.48878e-08 0.61228 1.5552e-12
1 6.47085e-08 0.612314 1.55531e-12
2 6.45364e-08 0.612347 1.55542e-12
3 6.43643e-08 0.612381 1.55553e-12
4 6.41922e-08 0.612415 1.55564e-12
5 6.40171e-08 0.612449 1.55576e-12
6 6.38443e-08 0.612482 1.55587e-12
7 6.36714e-08 0.612516 1.55598e-12
8 6.34985e-08 0.61255 1.55609e-12
9 6.33257e-08 0.612584 1.5562e-12
10 6.31528e-08 0.612618 1.55631e-12
11 6.27633e-08 0.612817 1.55664e-12
12 6.25823e-08 0.612883 1.55675e-12
13 6.24174e-08 0.612917 1.55687e-12
14 6.20279e-08 0.613116 1.5572e-12
15 6.16383e-08 0.613316 1.55753e-12
16 6.14376e-08 0.613382 1.55764e-12
17 6.12676e-08 0.613416 1.55775e-12
18 6.10977e-08 0.61345 1.55786e-12
19 6.09277e-08 0.613483 1.55798e-12
20 6.07578e-08 0.613517 1.55809e-12
21 6.05878e-08 0.613551 1.5582e-12
22 6.04178e-08 0.613585 1.55831e-12
23 6.02479e-08 0.613619 1.55842e-12
24 6.00779e-08 0.613652 1.55853e-12
25 5.96883e-08 0.613852 1.55886e-12
26 5.94894e-08 0.613918 1.55897e-12
27 5.93199e-08 0.613952 1.55909e-12
28 5.91504e-08 0.613986 1.5592e-12
29 5.89809e-08 0.614019 1.55931e-12
30 5.88122e-08 0.614053 1.55942e-12
31 5.88114e-08 0.614087 1.55953e-12
32 5.86419e-08 0.614121 1.55964e-12
33 5.86395e-08 0.614155 1.55975e-12
34 5.86317e-08 0.614188 1.55986e-12
35 5.84724e-08 0.614222 1.55997e-12
36 5.84668e-08 0.614256 1.56008e-12
37 5.84588e-08 0.61429 1.5602e-12
38 5.83029e-08 0.614324 1.56031e-12
39 5.82941e-08 0.614357 1.56042e-12
40 5.8286e-08 0.614391 1.56053e-12
41 5.81334e-08 0.614425 1.56064e-12
42 5.81214e-08 0.614757 1.56119e-12
43 5.80733e-08 0.614956 1.56153e-12
44 5.76838e-08 0.615156 1.56186e-12
45 5.75036e-08 0.615355 1.56219e-12
46 5.73862e-08 0.615421 1.5623e-12
47 5.73422e-08 0.615455 1.56242e-12
48 5.7334e-08 0.615655 1.56275e-12
49 5.73335e-08 0.615721 1.56286e-12
50 5.72384e-08 0.615755 1.56297e-12
51 5.72221e-08 0.615954 1.5633e-12
52 5.71632e-08 0.615988 1.56341e-12
53 5.70537e-08 0.616022 1.56353e-12
54 5.69993e-08 0.616055 1.56364e-12
55 5.68853e-08 0.616089 1.56375e-12
56 5.6872e-08 0.616123 1.56386e-12
57 5.68354e-08 0.616189 1.56397e-12
58 5.67932e-08 0.616223 1.56408e-12
59 5.67343e-08 0.616257 1.56419e-12
60 5.67168e-08 0.616456 1.56452e-12
61 5.66715e-08 0.61649 1.56464e-12
62 5.66128e-08 0.616524 1.56475e-12
63 5.65484e-08 0.616558 1.56486e-12
64 5.64754e-08 0.616591 1.56497e-12
65 5.64398e-08 0.616625 1.56508e-12
66 5.64069e-08 0.616659 1.56519e-12
67 5.638e-08 0.616858 1.56552e-12
68 5.63032e-08 0.616892 1.56563e-12
69 5.62668e-08 0.616926 1.56575e-12
70 5.62116e-08 0.61696 1.56586e-12
71 5.61309e-08 0.616993 1.56597e-12
72 5.61003e-08 0.617027 1.56608e-12
73 5.60938e-08 0.617226 1.56641e-12
74 5.60431e-08 0.61726 1.56652e-12
75 5.59587e-08 0.617294 1.56663e-12
76 5.59208e-08 0.617328 1.56674e-12
77 5.58747e-08 0.617362 1.56686e-12
78 5.57951e-08 0.617395 1.56697e-12
79 5.57864e-08 0.617595 1.5673e-12
80 5.57063e-08 0.617628 1.56741e-12
81 5.56317e-08 0.617662 1.56752e-12
82 5.55597e-08 0.617729 1.56763e-12
83 5.55402e-08 0.617762 1.56774e-12
84 5.54982e-08 0.617796 1.56785e-12
85 5.5488e-08 0.617863 1.56797e-12
86 5.53928e-08 0.617929 1.56808e-12
87 5.53724e-08 0.617963 1.56819e-12
88 5.53474e-08 0.617997 1.5683e-12
89 5.53178e-08 0.618196 1.56863e-12
90 5.5226e-08 0.61823 1.56874e-12
91 5.52046e-08 0.618264 1.56885e-12
92 5.51809e-08 0.618297 1.56896e-12
93 5.51531e-08 0.618331 1.56908e-12
94 5.50591e-08 0.618365 1.56919e-12
95 5.50368e-08 0.618399 1.5693e-12
96 5.50105e-08 0.618432 1.56941e-12
97 5.49884e-08 0.618466 1.56952e-12
98 5.49578e-08 0.618666 1.56985e-12
99 5.48922e-08 0.618732 1.56996e-12
100 5.4869e-08 0.618931 1.5703e-12
101 5.48401e-08 0.618965 1.57041e-12
102 5.48015e-08 0.618999 1.57052e-12
103 5.47426e-08 0.619033 1.57063e-12
104 5.47012e-08 0.619066 1.57074e-12
105 5.46696e-08 0.619266 1.57107e-12
106 5.46681e-08 0.619299 1.57118e-12
107 5.46432e-08 0.619366 1.5713e-12
108 5.45781e-08 0.619565 1.57163e-12
109 5.45755e-08 0.619632 1.57174e-12
110 5.45278e-08 0.619665 1.57185e-12
111 5.45202e-08 0.619732 1.57196e-12
112 5.44992e-08 0.619784 1.57207e-12
113 5.44085e-08 0.619818 1.57218e-12
114 5.43756e-08 0.619852 1.57229e-12
115 5.43411e-08 0.620051 1.57263e-12
116 5.42223e-08 0.62025 1.57296e-12
117 5.41861e-08 0.620449 1.57329e-12
118 5.41242e-08 0.620483 1.5734e-12
119 5.40831e-08 0.620683 1.57374e-12
120 5.40137e-08 0.620749 1.57385e-12
121 5.39417e-08 0.620783 1.57396e-12
122 5.39318e-08 0.620982 1.57429e-12
123 5.3792e-08 0.621181 1.57463e-12
124 5.37384e-08 0.621381 1.57496e-12
125 5.36088e-08 0.621414 1.57507e-12
126 5.35729e-08 0.621448 1.57518e-12
127 5.3533e-08 0.621482 1.57529e-12
128 5.35197e-08 0.621681 1.57562e-12
129 5.34646e-08 0.621881 1.57596e-12
130 5.34483e-08 0.621947 1.57607e-12
131 5.34075e-08 0.621981 1.57618e-12
132 5.34074e-08 0.622015 1.57629e-12
133 5.33082e-08 0.622347 1.57685e-12
134 5.32879e-08 0.622413 1.57696e-12
135 5.3242e-08 0.622447 1.57707e-12
136 5.31603e-08 0.622481 1.57718e-12
137 5.31362e-08 0.62268 1.57751e-12
138 5.31275e-08 0.622747 1.57762e-12
139 5.30765e-08 0.622813 1.57773e-12
140 5.30147e-08 0.622879 1.57784e-12
141 5.29884e-08 0.622913 1.57796e-12
142 5.2956e-08 0.623113 1.57829e-12
143 5.29436e-08 0.623179 1.5784e-12
144 5.29277e-08 0.623213 1.57851e-12
145 5.28859e-08 0.623412 1.57884e-12
146 5.28711e-08 0.623479 1.57895e-12
147 5.28223e-08 0.623678 1.57929e-12
148 5.28158e-08 0.623744 1.5794e-12
149 5.27862e-08 0.623811 1.57951e-12
150 5.27775e-08 0.623844 1.57962e-12
151 5.27457e-08 0.623878 1.57973e-12
152 5.27299e-08 0.623945 1.57984e-12
153 5.27031e-08 0.624144 1.58018e-12
154 5.26804e-08 0.624178 1.58029e-12
155 5.26756e-08 0.624377 1.58062e-12
156 5.26192e-08 0.624593 1.58108e-12
157 5.26089e-08 0.624627 1.58119e-12
158 5.25327e-08 0.62466 1.5813e-12
159 5.24779e-08 0.624694 1.58141e-12
160 5.24522e-08 0.62491 1.58186e-12
161 5.23619e-08 0.625109 1.5822e-12
162 5.23251e-08 0.625309 1.58253e-12
163 5.22802e-08 0.625508 1.58286e-12
164 5.21944e-08 0.62558 1.58302e-12
165 5.22954e-08 0.625796 1.58347e-12
166 5.20475e-08 0.62583 1.58358e-12
167 5.19967e-08 0.625896 1.58369e-12
168 5.19236e-08 0.625968 1.58385e-12
169 5.18623e-08 0.626184 1.5843e-12
170 5.17918e-08 0.626217 1.58441e-12
171 5.17799e-08 0.626417 1.58475e-12
172 5.17259e-08 0.626451 1.58486e-12
173 5.17019e-08 0.626523 1.58501e-12
174 5.16964e-08 0.626589 1.58512e-12
175 5.16771e-08 0.626623 1.58523e-12
176 5.16388e-08 0.626657 1.58534e-12
177 5.159e-08 0.626717 1.58549e-12
178 5.15082e-08 0.62675 1.58561e-12
179 5.14942e-08 0.626792 1.58576e-12
180 5.14345e-08 0.626826 1.58587e-12
181 5.13283e-08 0.627186 1.58663e-12
182 5.12667e-08 0.627219 1.58674e-12
183 5.12429e-08 0.627286 1.58685e-12
184 5.11857e-08 0.62732 1.58696e-12
185 5.11445e-08 0.627386 1.58707e-12
186 5.1136e-08 0.627718 1.58763e-12
187 5.11221e-08 0.627918 1.58796e-12
188 5.11092e-08 0.628133 1.58842e-12
189 5.10025e-08 0.628167 1.58853e-12
190 5.09814e-08 0.628234 1.58864e-12
191 5.09677e-08 0.6283 1.58885e-12
192 5.09408e-08 0.628334 1.58896e-12
193 5.08564e-08 0.628367 1.58907e-12
194 5.08542e-08 0.628409 1.58922e-12
195 5.08127e-08 0.628476 1.58933e-12
196 5.07994e-08 0.628518 1.58948e-12
197 5.07723e-08 0.628551 1.5896e-12
198 5.0769e-08 0.628585 1.58971e-12
199 5.07491e-08 0.628627 1.58986e-12
200 5.07284e-08 0.628693 1.58997e-12
201 5.07253e-08 0.628893 1.5903e-12
202 5.06816e-08 0.628935 1.59045e-12
203 5.06379e-08 0.628977 1.59061e-12
204 5.06311e-08 0.629018 1.59076e-12
205 5.06039e-08 0.629052 1.59087e-12
206 5.05942e-08 0.629119 1.59098e-12
207 5.05504e-08 0.62916 1.59113e-12
208 5.05067e-08 0.629202 1.59128e-12
209 5.05004e-08 0.629244 1.59144e-12
210 5.04631e-08 0.629278 1.59155e-12
211 5.04629e-08 0.62932 1.5917e-12
212 5.04543e-08 0.629354 1.59181e-12
213 5.04195e-08 0.629387 1.59192e-12
214 5.04116e-08 0.629429 1.59207e-12
215 5.03759e-08 0.629496 1.59218e-12
216 5.03341e-08 0.629538 1.59234e-12
217 5.03323e-08 0.629571 1.59245e-12
218 5.02946e-08 0.629613 1.5926e-12
219 5.02887e-08 0.629647 1.59271e-12
220 5.0281e-08 0.629689 1.59286e-12
221 5.02525e-08 0.629723 1.59297e-12
222 5.02487e-08 0.629922 1.59331e-12
223 5.02451e-08 0.630121 1.59364e-12
224 5.02015e-08 0.630163 1.59379e-12
225 5.01679e-08 0.630205 1.59394e-12
226 5.01587e-08 0.630404 1.59428e-12
227 5.01579e-08 0.630438 1.59439e-12
228 5.01263e-08 0.63048 1.59454e-12
229 5.01148e-08 0.630514 1.59465e-12
230 5.00983e-08 0.630556 1.5948e-12
231 5.00718e-08 0.630589 1.59491e-12
232 5.00287e-08 0.630631 1.59507e-12
233 4.99895e-08 0.630673 1.59522e-12
234 4.99835e-08 0.630707 1.59533e-12
235 4.9958e-08 0.630749 1.59548e-12
236 4.99406e-08 0.630948 1.59581e-12
237 4.9935e-08 0.63099 1.59597e-12
238 4.98977e-08 0.631024 1.59608e-12
239 4.98912e-08 0.631065 1.59623e-12
240 4.98794e-08 0.631132 1.59634e-12
241 4.98548e-08 0.631198 1.59645e-12
242 4.9852e-08 0.63124 1.5966e-12
243 4.98402e-08 0.631307 1.59671e-12
244 4.98119e-08 0.63134 1.59683e-12
245 4.97794e-08 0.631382 1.59698e-12
246 4.97718e-08 0.631416 1.59709e-12
247 4.97692e-08 0.63145 1.5972e-12
248 4.9769e-08 0.631649 1.59753e-12
249 4.97667e-08 0.631865 1.59799e-12
250 4.97538e-08 0.632064 1.59832e-12
251 4.97253e-08 0.632098 1.59843e-12
252 4.97206e-08 0.632132 1.59854e-12
253 4.97188e-08 0.632166 1.59866e-12
254 4.9675e-08 0.632199 1.59877e-12
255 4.966e-08 0.632233 1.59888e-12
256 4.96119e-08 0.632275 1.59903e-12
257 4.96109e-08 0.632347 1.59918e-12
258 4.96085e-08 0.632381 1.59929e-12
259 4.95819e-08 0.632414 1.5994e-12
260 4.95685e-08 0.632448 1.59951e-12
261 4.95563e-08 0.632515 1.59963e-12
262 4.95455e-08 0.632548 1.59974e-12
263 4.95339e-08 0.632582 1.59985e-12
264 4.95099e-08 0.632654 1.6e-12
265 4.95099e-08 0.632688 1.60011e-12
266 4.94934e-08 0.632722 1.60022e-12
267 4.94698e-08 0.632938 1.60068e-12
268 4.94633e-08 0.633004 1.60079e-12
269 4.94452e-08 0.63307 1.6009e-12
270 4.94425e-08 0.63327 1.60123e-12
271 4.9434e-08 0.633304 1.60134e-12
272 4.941e-08 0.633503 1.60168e-12
273 4.94088e-08 0.633537 1.60179e-12
274 4.93964e-08 0.63357 1.6019e-12
275 4.93873e-08 0.633786 1.60235e-12
276 4.93575e-08 0.63382 1.60247e-12
277 4.93472e-08 0.633854 1.60258e-12
278 4.93447e-08 0.633888 1.60269e-12
279 4.93022e-08 0.633921 1.6028e-12
280 4.93008e-08 0.633955 1.60291e-12
281 4.929e-08 0.634171 1.60337e-12
282 4.92741e-08 0.634205 1.60348e-12
283 4.92576e-08 0.634238 1.60359e-12
284 4.92444e-08 0.634305 1.6037e-12
285 4.9238e-08 0.634339 1.60381e-12
286 4.92182e-08 0.634372 1.60392e-12
287 4.92139e-08 0.634406 1.60403e-12
288 4.91846e-08 0.634478 1.60418e-12
289 4.91846e-08 0.634512 1.60429e-12
290 4.91796e-08 0.634546 1.60441e-12
291 4.91784e-08 0.634612 1.60452e-12
292 4.91426e-08 0.634646 1.60463e-12
293 4.91412e-08 0.63468 1.60474e-12
294 4.91254e-08 0.634722 1.60489e-12
295 4.91164e-08 0.634755 1.605e-12
296 4.91057e-08 0.634822 1.60511e-12
297 4.90964e-08 0.634856 1.60522e-12
298 4.90906e-08 0.634897 1.60538e-12
299 4.90851e-08 0.634931 1.60549e-12
300 4.90824e-08 0.635131 1.60582e-12
301 4.90661e-08 0.635164 1.60593e-12
302 4.90516e-08 0.635198 1.60604e-12
303 4.90516e-08 0.635232 1.60615e-12
304 4.90492e-08 0.635448 1.60661e-12
305 4.90444e-08 0.635482 1.60672e-12
306 4.90421e-08 0.635548 1.60683e-12
307 4.90219e-08 0.635582 1.60694e-12
308 4.90048e-08 0.635914 1.6075e-12
309 4.89952e-08 0.635948 1.60761e-12
310 4.89702e-08 0.635981 1.60772e-12
311 4.89609e-08 0.636181 1.60805e-12
312 4.89503e-08 0.636215 1.60816e-12
313 4.89404e-08 0.636248 1.60827e-12
314 4.89372e-08 0.63632 1.60843e-12
315 4.89369e-08 0.63652 1.60876e-12
316 4.88941e-08 0.636719 1.60909e-12
317 4.88926e-08 0.636918 1.60943e-12
318 4.88921e-08 0.637134 1.60988e-12
319 4.88911e-08 0.637333 1.61021e-12
320 4.88791e-08 0.637367 1.61033e-12
321 4.8867e-08 0.637401 1.61044e-12
322 4.88631e-08 0.637435 1.61055e-12
323 4.88312e-08 0.637468 1.61066e-12
324 4.88229e-08 0.637502 1.61077e-12
325 4.88159e-08 0.637536 1.61088e-12
326 4.87964e-08 0.637608 1.61103e-12
327 4.87578e-08 0.637642 1.61114e-12
328 4.87336e-08 0.637858 1.6116e-12
329 4.87065e-08 0.637891 1.61171e-12
330 4.86956e-08 0.637925 1.61182e-12
331 4.86937e-08 0.637959 1.61193e-12
332 4.86576e-08 0.637993 1.61204e-12
333 4.86507e-08 0.638059 1.61215e-12
334 4.86467e-08 0.638093 1.61227e-12
335 4.86459e-08 0.638135 1.61242e-12
336 4.86318e-08 0.638201 1.61253e-12
337 4.86227e-08 0.638235 1.61264e-12
338 4.8601e-08 0.638269 1.61275e-12
339 4.85948e-08 0.638311 1.6129e-12
340 4.85761e-08 0.638377 1.61301e-12
341 4.85553e-08 0.638443 1.61313e-12
342 4.85355e-08 0.638485 1.61328e-12
343 4.8534e-08 0.638519 1.61339e-12
344 4.85281e-08 0.638553 1.6135e-12
345 4.85269e-08 0.638587 1.61361e-12
346 4.85204e-08 0.638653 1.61372e-12
347 4.85195e-08 0.638852 1.61405e-12
348 4.85096e-08 0.639052 1.61439e-12
349 4.84969e-08 0.639124 1.61454e-12
350 4.84918e-08 0.639157 1.61465e-12
351 4.84784e-08 0.639357 1.61498e-12
352 4.84673e-08 0.639391 1.61509e-12
353 4.84607e-08 0.63959 1.61543e-12
354 4.84537e-08 0.639975 1.61647e-12
355 4.84524e-08 0.640009 1.61658e-12
356 4.84464e-08 0.640208 1.61691e-12
357 4.8379e-08 0.64054 1.61747e-12
358 4.83614e-08 0.64074 1.6178e-12
359 4.83405e-08 0.640773 1.61791e-12
360 4.8294e-08 0.640807 1.61802e-12
361 4.82178e-08 0.640877 1.61831e-12
362 4.82031e-08 0.641209 1.61886e-12
363 4.81981e-08 0.641441 1.61949e-12
364 4.81841e-08 0.64164 1.61982e-12
365 4.81265e-08 0.641839 1.62015e-12
366 4.80999e-08 0.641911 1.62031e-12
367 4.8098e-08 0.642142 1.62093e-12
368 4.80921e-08 0.642176 1.62104e-12
369 4.80557e-08 0.64221 1.62115e-12
370 4.80539e-08 0.642276 1.62126e-12
371 4.80516e-08 0.642343 1.62138e-12
372 4.80234e-08 0.642542 1.62171e-12
373 4.80205e-08 0.642614 1.62186e-12
374 4.80133e-08 0.642648 1.62197e-12
375 4.79968e-08 0.642714 1.62208e-12
376 4.79855e-08 0.642945 1.62271e-12
377 4.79817e-08 0.642979 1.62282e-12
378 4.79747e-08 0.643178 1.62315e-12
379 4.7949e-08 0.643212 1.62326e-12
380 4.79358e-08 0.643279 1.62337e-12
381 4.79355e-08 0.643345 1.62348e-12
382 4.79254e-08 0.643412 1.6236e-12
383 4.79203e-08 0.643445 1.62371e-12
384 4.78997e-08 0.643517 1.62386e-12
385 4.78937e-08 0.643584 1.62397e-12
386 4.78695e-08 0.643661 1.62418e-12
387 4.78654e-08 0.643727 1.62429e-12
388 4.78624e-08 0.643794 1.6244e-12
389 4.78479e-08 0.644025 1.62502e-12
390 4.78408e-08 0.644357 1.62558e-12
391 4.78209e-08 0.644689 1.62613e-12
392 4.78169e-08 0.644756 1.62625e-12
393 4.78098e-08 0.644789 1.62636e-12
394 4.77983e-08 0.644823 1.62647e-12
395 4.77953e-08 0.645155 1.62702e-12
396 4.77859e-08 0.645371 1.62748e-12
397 4.77628e-08 0.645443 1.62763e-12
398 4.77593e-08 0.645477 1.62774e-12
399 4.77519e-08 0.645554 1.62795e-12
400 4.77516e-08 0.64577 1.62841e-12
401 4.77454e-08 0.645836 1.62852e-12
402 4.77419e-08 0.646036 1.62885e-12
403 4.77291e-08 0.646235 1.62918e-12
404 4.77039e-08 0.646285 1.62939e-12
405 4.77007e-08 0.646516 1.63002e-12
406 4.76821e-08 0.646583 1.63013e-12
407 4.76581e-08 0.646617 1.63024e-12
408 4.76524e-08 0.64665 1.63035e-12
409 4.76257e-08 0.646889 1.63121e-12
410 4.76749e-08 0.647127 1.63206e-12
411 4.75991e-08 0.647193 1.63217e-12
412 4.75934e-08 0.647425 1.6328e-12
413 4.75807e-08 0.647458 1.63291e-12
414 4.75802e-08 0.647492 1.63302e-12
415 4.78266e-08 0.64773 1.63388e-12
416 4.75774e-08 0.64793 1.63421e-12
417 4.75767e-08 0.648007 1.63442e-12
418 4.75746e-08 0.648041 1.63453e-12
419 4.75744e-08 0.648082 1.63468e-12
420 4.75669e-08 0.648116 1.63479e-12
421 4.75427e-08 0.648316 1.63513e-12
422 4.7539e-08 0.648515 1.63546e-12
423 4.75362e-08 0.648753 1.63631e-12
424 4.75305e-08 0.64883 1.63652e-12
425 4.7529e-08 0.648881 1.63673e-12
426 4.75179e-08 0.649096 1.63719e-12
427 4.7493e-08 0.64913 1.6373e-12
