0 1.06157e-07 0.857739 2.2257e-12
1 1.05975e-07 0.857772 2.22581e-12
2 1.05801e-07 0.857806 2.22592e-12
3 1.05627e-07 0.85784 2.22603e-12
4 1.05453e-07 0.857874 2.22614e-12
5 1.05278e-07 0.857908 2.22626e-12
6 1.05104e-07 0.857941 2.22637e-12
7 1.0493e-07 0.857975 2.22648e-12
8 1.04756e-07 0.858009 2.22659e-12
9 1.04582e-07 0.858043 2.2267e-12
10 1.04436e-07 0.858076 2.22681e-12
11 1.04269e-07 0.85811 2.22692e-12
12 1.04102e-07 0.858144 2.22703e-12
13 1.03935e-07 0.858178 2.22714e-12
14 1.03768e-07 0.858212 2.22725e-12
15 1.03602e-07 0.858245 2.22737e-12
16 1.03435e-07 0.858279 2.22748e-12
17 1.03268e-07 0.858313 2.22759e-12
18 1.02584e-07 0.858645 2.22814e-12
19 1.02195e-07 0.858844 2.22848e-12
20 1.02058e-07 0.858911 2.22859e-12
21 1.01904e-07 0.858945 2.2287e-12
22 1.01515e-07 0.859144 2.22903e-12
23 1.01374e-07 0.85921 2.22914e-12
24 1.01219e-07 0.859244 2.22925e-12
25 1.01065e-07 0.859278 2.22936e-12
26 1.00676e-07 0.859477 2.2297e-12
27 1.00639e-07 0.859677 2.23003e-12
28 1.00425e-07 0.860009 2.23058e-12
29 1.00292e-07 0.860043 2.2307e-12
30 1.00244e-07 0.860242 2.23103e-12
31 1.00071e-07 0.860276 2.23114e-12
32 9.99087e-08 0.860309 2.23125e-12
33 9.9898e-08 0.860509 2.23158e-12
34 9.97249e-08 0.860542 2.23169e-12
35 9.95517e-08 0.860576 2.23181e-12
36 9.9528e-08 0.86061 2.23192e-12
37 9.93786e-08 0.860676 2.23203e-12
38 9.93536e-08 0.86071 2.23214e-12
39 9.92736e-08 0.861042 2.23269e-12
40 9.92054e-08 0.861076 2.2328e-12
41 9.90923e-08 0.86111 2.23292e-12
42 9.90322e-08 0.861144 2.23303e-12
43 9.8899e-08 0.86121 2.23314e-12
44 9.88854e-08 0.861244 2.23325e-12
45 9.87251e-08 0.861443 2.23358e-12
46 9.87231e-08 0.861477 2.23369e-12
47 9.85512e-08 0.861676 2.23403e-12
48 9.8444e-08 0.86171 2.23414e-12
49 9.83773e-08 0.861909 2.23447e-12
50 9.83608e-08 0.861943 2.23458e-12
51 9.8327e-08 0.86201 2.23469e-12
52 9.82034e-08 0.862209 2.23502e-12
53 9.81996e-08 0.862243 2.23514e-12
54 9.81873e-08 0.862442 2.23547e-12
55 9.80641e-08 0.862509 2.23558e-12
56 9.80545e-08 0.862708 2.23591e-12
57 9.80222e-08 0.862907 2.23625e-12
58 9.79375e-08 0.863106 2.23658e-12
59 9.76649e-08 0.863306 2.23691e-12
60 9.76006e-08 0.863505 2.23724e-12
61 9.75853e-08 0.863837 2.2378e-12
62 9.74477e-08 0.863904 2.23791e-12
63 9.72945e-08 0.863938 2.23802e-12
64 9.72815e-08 0.864137 2.23835e-12
65 9.71197e-08 0.864203 2.23847e-12
66 9.69702e-08 0.864237 2.23858e-12
67 9.69599e-08 0.864569 2.23913e-12
68 9.69566e-08 0.864603 2.23924e-12
69 9.68957e-08 0.864637 2.23935e-12
70 9.68291e-08 0.864969 2.23991e-12
71 9.68001e-08 0.865301 2.24046e-12
72 9.64194e-08 0.8655 2.2408e-12
73 9.63878e-08 0.865833 2.24135e-12
74 9.61753e-08 0.866165 2.24191e-12
75 9.60067e-08 0.866497 2.24246e-12
76 9.58403e-08 0.866531 2.24257e-12
77 9.58055e-08 0.866565 2.24268e-12
78 9.5779e-08 0.866764 2.24302e-12
79 9.56739e-08 0.866798 2.24313e-12
80 9.56051e-08 0.866831 2.24324e-12
81 9.55449e-08 0.866865 2.24335e-12
82 9.54564e-08 0.867065 2.24368e-12
83 9.54312e-08 0.867131 2.24379e-12
84 9.53425e-08 0.86733 2.24413e-12
85 9.51682e-08 0.86753 2.24446e-12
86 9.49989e-08 0.867729 2.24479e-12
87 9.49907e-08 0.867763 2.2449e-12
88 9.49462e-08 0.867962 2.24524e-12
89 9.49089e-08 0.868028 2.24535e-12
90 9.48433e-08 0.868062 2.24546e-12
91 9.48315e-08 0.868096 2.24557e-12
92 9.48243e-08 0.86813 2.24568e-12
93 9.47425e-08 0.868164 2.24579e-12
94 9.46878e-08 0.868197 2.2459e-12
95 9.46703e-08 0.868264 2.24601e-12
96 9.46609e-08 0.868298 2.24612e-12
97 9.46528e-08 0.868331 2.24624e-12
98 9.46012e-08 0.868365 2.24635e-12
99 9.4576e-08 0.868432 2.24646e-12
100 9.45416e-08 0.868764 2.24701e-12
101 9.44903e-08 0.86883 2.24712e-12
102 9.44715e-08 0.868864 2.24723e-12
103 9.4428e-08 0.868898 2.24735e-12
104 9.43204e-08 0.868932 2.24746e-12
105 9.43197e-08 0.869264 2.24801e-12
106 9.42587e-08 0.869297 2.24812e-12
107 9.41491e-08 0.869331 2.24823e-12
108 9.41406e-08 0.869365 2.24834e-12
109 9.40893e-08 0.869399 2.24846e-12
110 9.39786e-08 0.869433 2.24857e-12
111 9.39713e-08 0.869466 2.24868e-12
112 9.3925e-08 0.8695 2.24879e-12
113 9.392e-08 0.869699 2.24912e-12
114 9.39017e-08 0.869733 2.24923e-12
115 9.38483e-08 0.869767 2.24934e-12
116 9.3808e-08 0.869801 2.24945e-12
117 9.38019e-08 0.869835 2.24957e-12
118 9.37506e-08 0.869868 2.24968e-12
119 9.37302e-08 0.869902 2.24979e-12
120 9.37181e-08 0.869936 2.2499e-12
121 9.36773e-08 0.86997 2.25001e-12
122 9.36688e-08 0.870004 2.25012e-12
123 9.3642e-08 0.870203 2.25045e-12
124 9.36374e-08 0.870237 2.25056e-12
125 9.36326e-08 0.870436 2.2509e-12
126 9.35813e-08 0.87047 2.25101e-12
127 9.35587e-08 0.870503 2.25112e-12
128 9.35457e-08 0.870537 2.25123e-12
129 9.35355e-08 0.870571 2.25134e-12
130 9.35062e-08 0.87077 2.25167e-12
131 9.34681e-08 0.870804 2.25179e-12
132 9.34632e-08 0.870838 2.2519e-12
133 9.34119e-08 0.870872 2.25201e-12
134 9.33872e-08 0.870905 2.25212e-12
135 9.33733e-08 0.870939 2.25223e-12
136 9.33352e-08 0.870973 2.25234e-12
137 9.32942e-08 0.871007 2.25245e-12
138 9.32939e-08 0.871041 2.25256e-12
139 9.32853e-08 0.871074 2.25267e-12
140 9.32479e-08 0.871274 2.25301e-12
141 9.32426e-08 0.871473 2.25334e-12
142 9.32157e-08 0.871507 2.25345e-12
143 9.32009e-08 0.871541 2.25356e-12
144 9.31642e-08 0.871574 2.25367e-12
145 9.31459e-08 0.871608 2.25378e-12
146 9.31245e-08 0.871675 2.25389e-12
147 9.31203e-08 0.871708 2.25401e-12
148 9.30732e-08 0.871742 2.25412e-12
149 9.29601e-08 0.871809 2.25423e-12
150 9.29195e-08 0.872008 2.25456e-12
151 9.28583e-08 0.872074 2.25467e-12
152 9.28009e-08 0.872141 2.25478e-12
153 9.27262e-08 0.872175 2.25489e-12
154 9.26527e-08 0.872374 2.25523e-12
155 9.25933e-08 0.872573 2.25556e-12
156 9.25906e-08 0.872772 2.25589e-12
157 9.25634e-08 0.872972 2.25623e-12
158 9.25616e-08 0.873006 2.25634e-12
159 9.25179e-08 0.873205 2.25667e-12
160 9.24614e-08 0.873239 2.25678e-12
161 9.24453e-08 0.873438 2.25711e-12
162 9.23922e-08 0.873472 2.25722e-12
163 9.23564e-08 0.873506 2.25734e-12
164 9.23367e-08 0.873572 2.25745e-12
165 9.22872e-08 0.873638 2.25756e-12
166 9.22752e-08 0.873971 2.25811e-12
167 9.22515e-08 0.874004 2.25822e-12
168 9.2221e-08 0.874071 2.25833e-12
169 9.22037e-08 0.874105 2.25845e-12
170 9.21973e-08 0.874304 2.25878e-12
171 9.21958e-08 0.874503 2.25911e-12
172 9.21181e-08 0.874835 2.25967e-12
173 9.20056e-08 0.874902 2.25978e-12
174 9.18756e-08 0.875101 2.26011e-12
175 9.18275e-08 0.8753 2.26044e-12
176 9.17898e-08 0.875367 2.26055e-12
177 9.17593e-08 0.875401 2.26067e-12
178 9.17288e-08 0.8756 2.261e-12
179 9.17154e-08 0.875799 2.26133e-12
180 9.15165e-08 0.875999 2.26166e-12
181 9.14013e-08 0.876065 2.26178e-12
182 9.13935e-08 0.876131 2.26189e-12
183 9.13907e-08 0.876198 2.262e-12
184 9.13653e-08 0.876264 2.26211e-12
185 9.13424e-08 0.876597 2.26266e-12
186 9.13214e-08 0.87663 2.26277e-12
187 9.13141e-08 0.87683 2.26311e-12
188 9.13044e-08 0.876896 2.26322e-12
189 9.12874e-08 0.87693 2.26333e-12
190 9.12781e-08 0.876964 2.26344e-12
191 9.12562e-08 0.87703 2.26355e-12
192 9.122e-08 0.877229 2.26388e-12
193 9.11698e-08 0.877429 2.26422e-12
194 9.10631e-08 0.877462 2.26433e-12
195 9.10023e-08 0.877662 2.26466e-12
196 9.09379e-08 0.877861 2.26499e-12
197 9.09023e-08 0.877928 2.26511e-12
198 9.08874e-08 0.877961 2.26522e-12
199 9.07972e-08 0.877995 2.26533e-12
200 9.07944e-08 0.878029 2.26544e-12
201 9.07617e-08 0.878228 2.26577e-12
202 9.05981e-08 0.878262 2.26588e-12
203 9.05657e-08 0.878594 2.26644e-12
204 9.05064e-08 0.878793 2.26677e-12
205 9.04801e-08 0.878827 2.26688e-12
206 9.03949e-08 0.878894 2.26699e-12
207 9.03376e-08 0.87896 2.2671e-12
208 9.03298e-08 0.879159 2.26744e-12
209 9.02495e-08 0.879193 2.26755e-12
210 9.023e-08 0.879392 2.26788e-12
211 9.02223e-08 0.879592 2.26821e-12
212 9.01872e-08 0.879791 2.26855e-12
213 9.01822e-08 0.879858 2.26866e-12
214 9.01336e-08 0.879924 2.26877e-12
215 9.0118e-08 0.879958 2.26888e-12
216 9.0059e-08 0.880157 2.26921e-12
217 9.0023e-08 0.880191 2.26932e-12
218 8.9999e-08 0.88039 2.26966e-12
219 8.99818e-08 0.880457 2.26977e-12
220 8.98932e-08 0.880523 2.26988e-12
221 8.98877e-08 0.880722 2.27021e-12
222 8.98534e-08 0.880922 2.27054e-12
223 8.98234e-08 0.881121 2.27088e-12
224 8.97206e-08 0.881155 2.27099e-12
225 8.96081e-08 0.881189 2.2711e-12
226 8.95658e-08 0.881388 2.27143e-12
227 8.95571e-08 0.881454 2.27154e-12
228 8.95171e-08 0.881521 2.27165e-12
229 8.94967e-08 0.881587 2.27177e-12
230 8.94539e-08 0.881786 2.2721e-12
231 8.94373e-08 0.881986 2.27243e-12
232 8.93782e-08 0.88202 2.27254e-12
233 8.93656e-08 0.882086 2.27265e-12
234 8.93249e-08 0.88212 2.27276e-12
235 8.92888e-08 0.882319 2.2731e-12
236 8.9267e-08 0.882518 2.27343e-12
237 8.9262e-08 0.882585 2.27354e-12
238 8.92346e-08 0.882784 2.27387e-12
239 8.92086e-08 0.882983 2.27421e-12
240 8.91475e-08 0.883183 2.27454e-12
241 8.9119e-08 0.883217 2.27465e-12
242 8.90835e-08 0.883283 2.27476e-12
243 8.89882e-08 0.883482 2.2751e-12
244 8.8867e-08 0.883682 2.27543e-12
245 8.87677e-08 0.883881 2.27576e-12
246 8.87057e-08 0.883915 2.27587e-12
247 8.86741e-08 0.883948 2.27598e-12
248 8.86022e-08 0.884015 2.27609e-12
249 8.85307e-08 0.884049 2.27621e-12
250 8.84973e-08 0.884115 2.27632e-12
251 8.84429e-08 0.884149 2.27643e-12
252 8.83719e-08 0.884183 2.27654e-12
253 8.83336e-08 0.884382 2.27687e-12
254 8.82836e-08 0.884416 2.27698e-12
255 8.82125e-08 0.88445 2.27709e-12
256 8.81698e-08 0.884483 2.2772e-12
257 8.81243e-08 0.884683 2.27754e-12
258 8.80465e-08 0.884749 2.27765e-12
259 8.80443e-08 0.884948 2.27798e-12
260 8.80357e-08 0.884982 2.27809e-12
261 8.80028e-08 0.885049 2.2782e-12
262 8.79771e-08 0.885248 2.27854e-12
263 8.79569e-08 0.885314 2.27865e-12
264 8.78767e-08 0.885514 2.27898e-12
265 8.78695e-08 0.885713 2.27931e-12
266 8.78469e-08 0.885912 2.27965e-12
267 8.78292e-08 0.886112 2.27998e-12
268 8.78178e-08 0.886311 2.28031e-12
269 8.7792e-08 0.88651 2.28065e-12
270 8.77646e-08 0.886577 2.28076e-12
271 8.76491e-08 0.886643 2.28087e-12
272 8.75729e-08 0.886842 2.2812e-12
273 8.7558e-08 0.887042 2.28153e-12
274 8.73608e-08 0.887108 2.28164e-12
275 8.72717e-08 0.887307 2.28198e-12
276 8.7178e-08 0.887374 2.28209e-12
277 8.71741e-08 0.887573 2.28242e-12
278 8.71613e-08 0.887773 2.28275e-12
279 8.69945e-08 0.887839 2.28287e-12
280 8.69775e-08 0.888038 2.2832e-12
281 8.69093e-08 0.88837 2.28375e-12
282 8.68966e-08 0.888404 2.28386e-12
283 8.68552e-08 0.888438 2.28398e-12
284 8.67945e-08 0.888504 2.28409e-12
285 8.67375e-08 0.888704 2.28442e-12
286 8.67333e-08 0.888738 2.28453e-12
287 8.66892e-08 0.888771 2.28464e-12
288 8.66403e-08 0.888805 2.28475e-12
289 8.66288e-08 0.888872 2.28486e-12
290 8.65948e-08 0.888938 2.28497e-12
291 8.657e-08 0.888972 2.28509e-12
292 8.65657e-08 0.889006 2.2852e-12
293 8.65283e-08 0.889205 2.28553e-12
294 8.65101e-08 0.889239 2.28564e-12
295 8.64711e-08 0.889272 2.28575e-12
296 8.64281e-08 0.889339 2.28586e-12
297 8.64183e-08 0.889373 2.28597e-12
298 8.64038e-08 0.889406 2.28608e-12
299 8.63674e-08 0.88944 2.2862e-12
300 8.63653e-08 0.88964 2.28653e-12
301 8.63588e-08 0.889839 2.28686e-12
302 8.63287e-08 0.890038 2.28719e-12
303 8.62581e-08 0.890237 2.28753e-12
304 8.62417e-08 0.890271 2.28764e-12
305 8.61066e-08 0.890603 2.28819e-12
306 8.60882e-08 0.890637 2.2883e-12
307 8.60506e-08 0.890671 2.28842e-12
308 8.60468e-08 0.89087 2.28875e-12
309 8.6038e-08 0.890937 2.28886e-12
310 8.60365e-08 0.891003 2.28897e-12
311 8.60091e-08 0.89107 2.28908e-12
312 8.60004e-08 0.891122 2.28919e-12
313 8.59806e-08 0.891454 2.28975e-12
314 8.59644e-08 0.89152 2.28986e-12
315 8.59607e-08 0.891587 2.28997e-12
316 8.58878e-08 0.891786 2.2903e-12
317 8.58257e-08 0.891985 2.29064e-12
318 8.57975e-08 0.892052 2.29075e-12
319 8.57368e-08 0.892118 2.29086e-12
320 8.57348e-08 0.892185 2.29097e-12
321 8.56824e-08 0.892218 2.29108e-12
322 8.56557e-08 0.892252 2.29119e-12
323 8.5587e-08 0.892319 2.2913e-12
324 8.55779e-08 0.892352 2.29141e-12
325 8.553e-08 0.892419 2.29152e-12
326 8.55292e-08 0.892453 2.29163e-12
327 8.55129e-08 0.892486 2.29175e-12
328 8.55002e-08 0.89252 2.29186e-12
329 8.54562e-08 0.892587 2.29197e-12
330 8.54408e-08 0.89262 2.29208e-12
331 8.54301e-08 0.892654 2.29219e-12
332 8.54263e-08 0.892721 2.2923e-12
333 8.54227e-08 0.892787 2.29241e-12
334 8.53667e-08 0.893119 2.29297e-12
335 8.536e-08 0.893153 2.29308e-12
336 8.53228e-08 0.89322 2.29319e-12
337 8.52899e-08 0.893419 2.29352e-12
338 8.52733e-08 0.893485 2.29363e-12
339 8.5259e-08 0.893519 2.29374e-12
340 8.5235e-08 0.893718 2.29408e-12
341 8.52198e-08 0.893918 2.29441e-12
342 8.51836e-08 0.894277 2.29517e-12
343 8.51038e-08 0.894311 2.29528e-12
344 8.50897e-08 0.894345 2.29539e-12
345 8.50409e-08 0.894379 2.2955e-12
346 8.50286e-08 0.894412 2.29561e-12
347 8.5021e-08 0.894612 2.29595e-12
348 8.49577e-08 0.894811 2.29628e-12
349 8.49333e-08 0.894845 2.29639e-12
350 8.49273e-08 0.895044 2.29672e-12
351 8.48845e-08 0.895111 2.29683e-12
352 8.48775e-08 0.89531 2.29717e-12
353 8.48621e-08 0.895509 2.2975e-12
354 8.4858e-08 0.895543 2.29761e-12
355 8.47803e-08 0.895603 2.29776e-12
356 8.47429e-08 0.895637 2.29787e-12
357 8.47242e-08 0.895836 2.29821e-12
358 8.465e-08 0.895878 2.29836e-12
359 8.46098e-08 0.896094 2.29882e-12
360 8.45664e-08 0.896128 2.29893e-12
361 8.45596e-08 0.896327 2.29926e-12
362 8.44909e-08 0.896361 2.29937e-12
363 8.44523e-08 0.89656 2.2997e-12
364 8.44377e-08 0.896776 2.30016e-12
365 8.44023e-08 0.89681 2.30027e-12
366 8.4388e-08 0.896876 2.30038e-12
367 8.43208e-08 0.896942 2.30049e-12
368 8.43058e-08 0.897275 2.30105e-12
369 8.42958e-08 0.897341 2.30116e-12
370 8.42672e-08 0.89754 2.30149e-12
371 8.42547e-08 0.897574 2.3016e-12
372 8.42485e-08 0.89779 2.30206e-12
373 8.42407e-08 0.897989 2.30239e-12
374 8.41435e-08 0.898056 2.3025e-12
375 8.41417e-08 0.898089 2.30261e-12
376 8.41296e-08 0.898156 2.30273e-12
377 8.40852e-08 0.898355 2.30306e-12
378 8.40814e-08 0.898555 2.30339e-12
379 8.4064e-08 0.898588 2.3035e-12
380 8.40638e-08 0.898622 2.30361e-12
381 8.4057e-08 0.898656 2.30372e-12
382 8.40525e-08 0.898872 2.30418e-12
383 8.40479e-08 0.899071 2.30451e-12
384 8.40178e-08 0.89927 2.30485e-12
385 8.40067e-08 0.899337 2.30496e-12
386 8.40049e-08 0.899536 2.30529e-12
387 8.40028e-08 0.899735 2.30562e-12
388 8.39554e-08 0.899802 2.30573e-12
389 8.38988e-08 0.900134 2.30629e-12
390 8.38649e-08 0.900333 2.30662e-12
391 8.38049e-08 0.900549 2.30708e-12
392 8.37502e-08 0.900616 2.30719e-12
393 8.3726e-08 0.900649 2.3073e-12
394 8.37162e-08 0.900683 2.30741e-12
395 8.36926e-08 0.900717 2.30752e-12
396 8.36728e-08 0.900783 2.30763e-12
397 8.36712e-08 0.900999 2.30809e-12
398 8.35812e-08 0.901066 2.3082e-12
399 8.3576e-08 0.901099 2.30831e-12
400 8.35526e-08 0.901299 2.30864e-12
401 8.35458e-08 0.901498 2.30898e-12
402 8.35044e-08 0.901532 2.30909e-12
403 8.34919e-08 0.901731 2.30942e-12
404 8.34832e-08 0.901797 2.30953e-12
405 8.34781e-08 0.901869 2.30968e-12
406 8.34729e-08 0.901936 2.3098e-12
407 8.34271e-08 0.902002 2.30991e-12
408 8.34147e-08 0.902069 2.31002e-12
409 8.33914e-08 0.902428 2.31078e-12
410 8.33363e-08 0.902495 2.31089e-12
411 8.33338e-08 0.902529 2.311e-12
412 8.32726e-08 0.902562 2.31111e-12
413 8.32627e-08 0.902596 2.31122e-12
414 8.32594e-08 0.902928 2.31178e-12
415 8.32565e-08 0.903128 2.31211e-12
416 8.3245e-08 0.903161 2.31222e-12
417 8.32197e-08 0.903195 2.31233e-12
418 8.32026e-08 0.903229 2.31244e-12
419 8.31885e-08 0.903428 2.31278e-12
420 8.31638e-08 0.903495 2.31289e-12
421 8.31599e-08 0.903561 2.313e-12
422 8.31528e-08 0.903595 2.31311e-12
423 8.31017e-08 0.903794 2.31344e-12
424 8.30919e-08 0.90401 2.3139e-12
425 8.30874e-08 0.904077 2.31401e-12
426 8.30835e-08 0.90411 2.31412e-12
427 8.30806e-08 0.904144 2.31423e-12
428 8.30493e-08 0.904343 2.31456e-12
429 8.29812e-08 0.904377 2.31468e-12
430 8.29302e-08 0.904411 2.31479e-12
431 8.29227e-08 0.904627 2.31524e-12
432 8.29184e-08 0.904826 2.31558e-12
433 8.29177e-08 0.90486 2.31569e-12
434 8.29079e-08 0.904932 2.31584e-12
435 8.28952e-08 0.904966 2.31595e-12
436 8.28586e-08 0.905165 2.31628e-12
437 8.28127e-08 0.905525 2.31704e-12
438 8.27869e-08 0.905857 2.3176e-12
439 8.27629e-08 0.905891 2.31771e-12
440 8.265e-08 0.905957 2.31782e-12
441 8.2621e-08 0.905991 2.31793e-12
442 8.26165e-08 0.90619 2.31826e-12
443 8.26047e-08 0.906257 2.31838e-12
444 8.26006e-08 0.90629 2.31849e-12
445 8.25898e-08 0.90649 2.31882e-12
446 8.25266e-08 0.906849 2.31958e-12
447 8.25062e-08 0.906883 2.31969e-12
448 8.24751e-08 0.90695 2.3198e-12
449 8.24649e-08 0.907149 2.32013e-12
450 8.2438e-08 0.907183 2.32025e-12
451 8.24353e-08 0.907216 2.32036e-12
452 8.24345e-08 0.907283 2.32047e-12
453 8.24184e-08 0.907349 2.32058e-12
454 8.23696e-08 0.907549 2.32091e-12
455 8.23461e-08 0.907582 2.32102e-12
456 8.2336e-08 0.907616 2.32113e-12
457 8.23354e-08 0.907683 2.32124e-12
458 8.2321e-08 0.907716 2.32136e-12
459 8.22962e-08 0.907932 2.32181e-12
460 8.22893e-08 0.907966 2.32192e-12
461 8.22778e-08 0.908 2.32203e-12
462 8.22456e-08 0.908066 2.32214e-12
463 8.22039e-08 0.908265 2.32248e-12
464 8.2201e-08 0.908465 2.32281e-12
465 8.21779e-08 0.908664 2.32314e-12
466 8.21775e-08 0.908863 2.32348e-12
467 8.21696e-08 0.909063 2.32381e-12
468 8.20413e-08 0.909129 2.32402e-12
469 8.20205e-08 0.909201 2.32417e-12
470 8.20137e-08 0.9094 2.3245e-12
471 8.20084e-08 0.909434 2.32461e-12
472 8.19996e-08 0.909501 2.32472e-12
473 8.19964e-08 0.9097 2.32506e-12
474 8.19863e-08 0.909742 2.32521e-12
475 8.19511e-08 0.909775 2.32532e-12
476 8.19495e-08 0.909809 2.32543e-12
477 8.1946e-08 0.909851 2.32558e-12
478 8.19026e-08 0.909885 2.3257e-12
479 8.19006e-08 0.910101 2.32615e-12
480 8.18924e-08 0.910167 2.32626e-12
481 8.18915e-08 0.910234 2.32637e-12
482 8.18717e-08 0.9103 2.32648e-12
483 8.18706e-08 0.910499 2.32682e-12
484 8.18641e-08 0.910533 2.32693e-12
485 8.18534e-08 0.9106 2.32704e-12
486 8.18444e-08 0.910666 2.32715e-12
487 8.17769e-08 0.910732 2.32726e-12
488 8.17616e-08 0.910799 2.32737e-12
489 8.17563e-08 0.911015 2.32783e-12
490 8.17281e-08 0.911081 2.32794e-12
491 8.17272e-08 0.911148 2.32805e-12
492 8.17126e-08 0.911347 2.32838e-12
493 8.16962e-08 0.911381 2.32849e-12
494 8.16946e-08 0.91158 2.32883e-12
495 8.16928e-08 0.911779 2.32916e-12
496 8.16783e-08 0.911979 2.32949e-12
497 8.16667e-08 0.912045 2.3296e-12
498 8.16471e-08 0.912097 2.32972e-12
499 8.16329e-08 0.912163 2.32983e-12
500 8.15815e-08 0.912235 2.32998e-12
501 8.15725e-08 0.912277 2.33013e-12
502 8.15659e-08 0.912344 2.33024e-12
503 8.15491e-08 0.91241 2.33035e-12
504 8.15326e-08 0.912477 2.33046e-12
505 8.15189e-08 0.912692 2.33092e-12
506 8.14929e-08 0.912759 2.33103e-12
507 8.14882e-08 0.912825 2.33114e-12
508 8.14545e-08 0.912892 2.33125e-12
509 8.14359e-08 0.913091 2.33159e-12
510 8.14342e-08 0.913157 2.3317e-12
511 8.14287e-08 0.913191 2.33181e-12
512 8.14181e-08 0.913258 2.33192e-12
513 8.13985e-08 0.913324 2.33203e-12
514 8.13559e-08 0.913366 2.33218e-12
515 8.13487e-08 0.913408 2.33233e-12
516 8.13321e-08 0.913442 2.33245e-12
517 8.13134e-08 0.913475 2.33256e-12
518 8.12709e-08 0.913517 2.33271e-12
519 8.12565e-08 0.913559 2.33286e-12
520 8.12283e-08 0.913758 2.33319e-12
521 8.11858e-08 0.9138 2.33335e-12
522 8.11792e-08 0.913842 2.3335e-12
523 8.11479e-08 0.913876 2.33361e-12
524 8.11432e-08 0.91391 2.33372e-12
525 8.11007e-08 0.913952 2.33387e-12
526 8.10663e-08 0.913993 2.33402e-12
527 8.10581e-08 0.914027 2.33413e-12
528 8.10423e-08 0.914099 2.33429e-12
529 8.1041e-08 0.914133 2.3344e-12
530 8.10405e-08 0.914199 2.33451e-12
531 8.10161e-08 0.914399 2.33484e-12
532 8.10156e-08 0.914441 2.33499e-12
533 8.10076e-08 0.914474 2.3351e-12
534 8.0969e-08 0.91469 2.33556e-12
535 8.09608e-08 0.914906 2.33602e-12
536 8.09602e-08 0.915105 2.33635e-12
537 8.09455e-08 0.915305 2.33668e-12
538 8.09425e-08 0.915371 2.33679e-12
539 8.09089e-08 0.91557 2.33713e-12
540 8.09028e-08 0.915637 2.33724e-12
541 8.08934e-08 0.91567 2.33735e-12
542 8.0885e-08 0.91603 2.33811e-12
543 8.08833e-08 0.916229 2.33844e-12
544 8.08805e-08 0.916263 2.33855e-12
545 8.08625e-08 0.916297 2.33866e-12
546 8.08554e-08 0.916496 2.339e-12
547 8.08284e-08 0.91653 2.33911e-12
548 8.08248e-08 0.916564 2.33922e-12
549 8.08005e-08 0.916636 2.33937e-12
550 8.07896e-08 0.916835 2.3397e-12
551 8.07875e-08 0.916869 2.33982e-12
552 8.07824e-08 0.916903 2.33993e-12
553 8.07755e-08 0.916945 2.34008e-12
554 8.07626e-08 0.917144 2.34041e-12
555 8.07353e-08 0.91721 2.34052e-12
556 8.07243e-08 0.917426 2.34098e-12
557 8.0711e-08 0.91746 2.34109e-12
558 8.07105e-08 0.917494 2.3412e-12
559 8.06989e-08 0.91756 2.34131e-12
560 8.06584e-08 0.917759 2.34164e-12
561 8.06355e-08 0.917975 2.3421e-12
562 8.06162e-08 0.918009 2.34221e-12
563 8.06157e-08 0.918043 2.34232e-12
564 8.05916e-08 0.918109 2.34243e-12
565 8.0587e-08 0.918325 2.34289e-12
566 8.05726e-08 0.918524 2.34322e-12
567 8.07009e-08 0.918558 2.34333e-12
568 8.05464e-08 0.918592 2.34345e-12
569 8.05415e-08 0.918658 2.34356e-12
570 8.05296e-08 0.918692 2.34367e-12
571 8.04763e-08 0.918759 2.34378e-12
572 8.04657e-08 0.918974 2.34423e-12
573 8.04607e-08 0.919046 2.34439e-12
574 8.04538e-08 0.919262 2.34484e-12
575 8.04448e-08 0.919296 2.34495e-12
576 8.0427e-08 0.919628 2.34551e-12
577 8.03932e-08 0.919844 2.34596e-12
578 8.03869e-08 0.91991 2.34608e-12
579 8.03859e-08 0.919977 2.34619e-12
580 8.03748e-08 0.920043 2.3463e-12
581 8.0372e-08 0.920259 2.34675e-12
582 8.03321e-08 0.920458 2.34709e-12
583 8.03115e-08 0.920525 2.3472e-12
584 8.03045e-08 0.920591 2.34731e-12
585 8.03016e-08 0.920923 2.34786e-12
586 8.02973e-08 0.92099 2.34798e-12
587 8.02877e-08 0.921189 2.34831e-12
588 8.02632e-08 0.921388 2.34864e-12
589 8.0263e-08 0.921455 2.34875e-12
590 8.02591e-08 0.921671 2.34921e-12
591 8.02188e-08 0.921743 2.34936e-12
592 8.02187e-08 0.921958 2.34982e-12
593 8.02153e-08 0.921992 2.34993e-12
594 8.01443e-08 0.922059 2.35004e-12
595 8.0113e-08 0.922125 2.35015e-12
596 8.00742e-08 0.922324 2.35048e-12
597 8.00727e-08 0.922391 2.35059e-12
598 8.00709e-08 0.922607 2.35105e-12
599 8.00575e-08 0.922822 2.35151e-12
600 8.00388e-08 0.922856 2.35162e-12
601 8.00193e-08 0.922923 2.35173e-12
602 8.00062e-08 0.922995 2.35188e-12
603 7.99987e-08 0.923028 2.35199e-12
604 7.99766e-08 0.923244 2.35245e-12
605 7.9962e-08 0.92346 2.3529e-12
606 7.9958e-08 0.923526 2.35301e-12
607 7.98963e-08 0.923742 2.35347e-12
608 7.98702e-08 0.923776 2.35358e-12
609 7.98603e-08 0.92381 2.35369e-12
610 7.98445e-08 0.924009 2.35403e-12
611 7.98184e-08 0.924081 2.35418e-12
612 7.98033e-08 0.924441 2.35494e-12
613 7.97807e-08 0.924507 2.35505e-12
614 7.97707e-08 0.924706 2.35538e-12
615 7.97382e-08 0.924778 2.35553e-12
616 7.97351e-08 0.925111 2.35609e-12
617 7.97348e-08 0.92531 2.35642e-12
618 7.9734e-08 0.925509 2.35676e-12
619 7.97274e-08 0.925581 2.35691e-12
620 7.97153e-08 0.92578 2.35724e-12
621 7.97114e-08 0.92598 2.35757e-12
622 7.96833e-08 0.926052 2.35773e-12
623 7.96739e-08 0.926118 2.35784e-12
624 7.96661e-08 0.926334 2.35829e-12
625 7.96505e-08 0.926533 2.35863e-12
626 7.96488e-08 0.926733 2.35896e-12
627 7.9622e-08 0.926948 2.35941e-12
628 7.96115e-08 0.927015 2.35953e-12
629 7.95914e-08 0.927214 2.35986e-12
630 7.95655e-08 0.927248 2.35997e-12
631 7.95456e-08 0.92732 2.36012e-12
632 7.95227e-08 0.927519 2.36045e-12
633 7.95193e-08 0.927718 2.36079e-12
634 7.95136e-08 0.92779 2.36094e-12
635 7.95025e-08 0.927862 2.36109e-12
636 7.94868e-08 0.928062 2.36142e-12
637 7.94779e-08 0.928134 2.36158e-12
638 7.9457e-08 0.928206 2.36173e-12
639 7.94464e-08 0.928565 2.36249e-12
640 7.94331e-08 0.928781 2.36295e-12
641 7.94307e-08 0.928847 2.36306e-12
642 7.94193e-08 0.929047 2.36339e-12
643 7.93862e-08 0.929113 2.3635e-12
644 7.93449e-08 0.929312 2.36383e-12
645 7.93416e-08 0.929512 2.36417e-12
646 7.93163e-08 0.929572 2.36432e-12
647 7.92968e-08 0.929614 2.36447e-12
648 7.92697e-08 0.929647 2.36458e-12
649 7.92432e-08 0.929689 2.36473e-12
650 7.92393e-08 0.929723 2.36484e-12
651 7.92285e-08 0.929757 2.36496e-12
652 7.9223e-08 0.929823 2.36507e-12
653 7.92176e-08 0.930039 2.36552e-12
654 7.92094e-08 0.930111 2.36568e-12
655 7.92048e-08 0.930153 2.36583e-12
656 7.91804e-08 0.930369 2.36628e-12
657 7.91717e-08 0.930435 2.36639e-12
658 7.91713e-08 0.930651 2.36685e-12
659 7.91593e-08 0.930685 2.36696e-12
660 7.91439e-08 0.930757 2.36711e-12
661 7.91404e-08 0.930956 2.36745e-12
662 7.91379e-08 0.93099 2.36756e-12
663 7.91286e-08 0.931056 2.36767e-12
664 7.91024e-08 0.931441 2.36871e-12
665 7.90465e-08 0.931508 2.36882e-12
666 7.90316e-08 0.931707 2.36915e-12
667 7.90248e-08 0.932067 2.36991e-12
668 7.90131e-08 0.932266 2.37025e-12
669 7.90112e-08 0.932333 2.37036e-12
670 7.89886e-08 0.932399 2.37047e-12
671 7.89743e-08 0.932598 2.3708e-12
672 7.89595e-08 0.932665 2.37091e-12
673 7.89445e-08 0.932881 2.37137e-12
674 7.88512e-08 0.932951 2.37166e-12
675 7.88375e-08 0.932993 2.37181e-12
676 7.88289e-08 0.933192 2.37214e-12
677 7.87846e-08 0.933234 2.37229e-12
678 7.87618e-08 0.933276 2.37244e-12
679 7.87403e-08 0.933491 2.3729e-12
680 7.87229e-08 0.933533 2.37305e-12
681 7.87223e-08 0.933567 2.37316e-12
682 7.87191e-08 0.933766 2.3735e-12
683 7.8696e-08 0.9338 2.37361e-12
684 7.868e-08 0.933842 2.37376e-12
685 7.86516e-08 0.933876 2.37387e-12
686 7.86119e-08 0.933918 2.37402e-12
687 7.86073e-08 0.934117 2.37436e-12
688 7.85758e-08 0.934159 2.37451e-12
689 7.85697e-08 0.934225 2.37462e-12
690 7.8563e-08 0.934441 2.37508e-12
691 7.85514e-08 0.934483 2.37523e-12
692 7.85485e-08 0.934517 2.37534e-12
693 7.85374e-08 0.93455 2.37545e-12
694 7.85187e-08 0.934617 2.37556e-12
695 7.85057e-08 0.934833 2.37602e-12
696 7.84999e-08 0.934899 2.37613e-12
697 7.8494e-08 0.935098 2.37646e-12
698 7.84245e-08 0.935298 2.37679e-12
699 7.84189e-08 0.935497 2.37713e-12
700 7.84139e-08 0.935531 2.37724e-12
701 7.84134e-08 0.935603 2.37739e-12
702 7.84014e-08 0.935637 2.3775e-12
703 7.83895e-08 0.935708 2.37765e-12
704 7.83779e-08 0.935908 2.37799e-12
705 7.83705e-08 0.935942 2.3781e-12
706 7.83591e-08 0.936008 2.37821e-12
707 7.83437e-08 0.936074 2.37832e-12
708 7.83034e-08 0.936116 2.37847e-12
709 7.82987e-08 0.936476 2.37923e-12
710 7.82665e-08 0.936518 2.37938e-12
711 7.82537e-08 0.936584 2.37949e-12
712 7.82435e-08 0.9368 2.37995e-12
713 7.82111e-08 0.937132 2.38051e-12
714 7.82058e-08 0.937166 2.38062e-12
715 7.8179e-08 0.9372 2.38073e-12
716 7.81457e-08 0.937559 2.38149e-12
717 7.81403e-08 0.937593 2.3816e-12
718 7.81398e-08 0.937793 2.38193e-12
719 7.81185e-08 0.937865 2.38208e-12
720 7.81132e-08 0.938197 2.38264e-12
721 7.81105e-08 0.938413 2.38309e-12
722 7.80962e-08 0.938612 2.38343e-12
723 7.8091e-08 0.938811 2.38376e-12
724 7.80907e-08 0.938878 2.38387e-12
725 7.80779e-08 0.939077 2.3842e-12
726 7.80771e-08 0.939409 2.38476e-12
727 7.80662e-08 0.939476 2.38487e-12
728 7.80568e-08 0.939542 2.38498e-12
729 7.80548e-08 0.939741 2.38531e-12
730 7.80452e-08 0.939783 2.38547e-12
731 7.80428e-08 0.939817 2.38558e-12
732 7.8035e-08 0.940177 2.38634e-12
733 7.80222e-08 0.940243 2.38645e-12
734 7.80092e-08 0.940442 2.38678e-12
735 7.79991e-08 0.940484 2.38693e-12
736 7.79712e-08 0.940551 2.38705e-12
737 7.79635e-08 0.94075 2.38738e-12
738 7.79542e-08 0.940822 2.38753e-12
739 7.79204e-08 0.940856 2.38764e-12
740 7.79033e-08 0.940922 2.38775e-12
741 7.78899e-08 0.940956 2.38786e-12
742 7.78886e-08 0.941155 2.3882e-12
743 7.7888e-08 0.941354 2.38853e-12
744 7.78869e-08 0.94157 2.38899e-12
745 7.78846e-08 0.94177 2.38932e-12
746 7.78693e-08 0.941803 2.38943e-12
747 7.7866e-08 0.941837 2.38954e-12
748 7.78355e-08 0.942053 2.39e-12
749 7.78049e-08 0.942087 2.39011e-12
750 7.77972e-08 0.942419 2.39066e-12
751 7.77959e-08 0.942618 2.391e-12
752 7.77848e-08 0.94269 2.39115e-12
753 7.7778e-08 0.942906 2.3916e-12
754 7.77465e-08 0.94294 2.39172e-12
755 7.77291e-08 0.943006 2.39183e-12
756 7.76801e-08 0.943237 2.39245e-12
757 7.76687e-08 0.943453 2.39291e-12
758 7.76573e-08 0.94352 2.39302e-12
759 7.76526e-08 0.943586 2.39313e-12
760 7.76492e-08 0.943658 2.39328e-12
761 7.76362e-08 0.943857 2.39361e-12
762 7.76359e-08 0.944057 2.39395e-12
763 7.7626e-08 0.944129 2.3941e-12
764 7.76239e-08 0.94436 2.39472e-12
765 7.75986e-08 0.944426 2.39484e-12
766 7.75925e-08 0.944493 2.39495e-12
767 7.75836e-08 0.944692 2.39528e-12
768 7.75494e-08 0.944908 2.39574e-12
769 7.75339e-08 0.94498 2.39589e-12
770 7.75228e-08 0.945052 2.39604e-12
771 7.75129e-08 0.945283 2.39666e-12
772 7.74644e-08 0.945482 2.397e-12
773 7.74553e-08 0.945548 2.39711e-12
774 7.74463e-08 0.945764 2.39757e-12
775 7.74347e-08 0.945836 2.39772e-12
776 7.74197e-08 0.945908 2.39787e-12
777 7.7395e-08 0.945958 2.39808e-12
778 7.73447e-08 0.946174 2.39853e-12
779 7.7323e-08 0.946405 2.39916e-12
780 7.73005e-08 0.946621 2.39962e-12
781 7.72979e-08 0.946688 2.39973e-12
782 7.72947e-08 0.946754 2.39984e-12
783 7.72918e-08 0.946821 2.39995e-12
784 7.72761e-08 0.946893 2.4001e-12
785 7.7242e-08 0.946964 2.40025e-12
786 7.72307e-08 0.947196 2.40088e-12
787 7.72202e-08 0.947411 2.40133e-12
788 7.71734e-08 0.947478 2.40144e-12
789 7.71471e-08 0.94755 2.4016e-12
790 7.71424e-08 0.947909 2.40236e-12
791 7.71397e-08 0.947976 2.40247e-12
792 7.71392e-08 0.948175 2.4028e-12
793 7.70856e-08 0.948406 2.40343e-12
794 7.70751e-08 0.948448 2.40358e-12
795 7.70741e-08 0.948648 2.40391e-12
796 7.70723e-08 0.948719 2.40406e-12
797 7.70696e-08 0.948786 2.40417e-12
798 7.70381e-08 0.94882 2.40428e-12
799 7.70366e-08 0.948892 2.40444e-12
800 7.7017e-08 0.949123 2.40506e-12
801 7.7009e-08 0.949189 2.40517e-12
802 7.70058e-08 0.949256 2.40528e-12
803 7.6998e-08 0.949289 2.4054e-12
804 7.69929e-08 0.949323 2.40551e-12
805 7.69833e-08 0.949357 2.40562e-12
806 7.6977e-08 0.949556 2.40595e-12
807 7.69741e-08 0.949623 2.40606e-12
808 7.6948e-08 0.949854 2.40669e-12
809 7.69467e-08 0.949896 2.40684e-12
810 7.69424e-08 0.950112 2.40729e-12
811 7.69389e-08 0.950311 2.40763e-12
812 7.69281e-08 0.950527 2.40808e-12
813 7.6917e-08 0.95056 2.40819e-12
814 7.69007e-08 0.950632 2.40835e-12
815 7.68939e-08 0.950674 2.4085e-12
816 7.68921e-08 0.950905 2.40912e-12
817 7.68855e-08 0.951121 2.40958e-12
818 7.68718e-08 0.951155 2.40969e-12
819 7.6861e-08 0.95154 2.41073e-12
820 7.68591e-08 0.95174 2.41107e-12
821 7.68575e-08 0.951939 2.4114e-12
822 7.68543e-08 0.952005 2.41151e-12
823 7.67994e-08 0.952072 2.41172e-12
824 7.67975e-08 0.952271 2.41205e-12
825 7.67928e-08 0.952305 2.41216e-12
826 7.67882e-08 0.952377 2.41231e-12
827 7.67727e-08 0.95241 2.41243e-12
828 7.67726e-08 0.95261 2.41276e-12
829 7.67672e-08 0.952809 2.41309e-12
830 7.67623e-08 0.952843 2.4132e-12
831 7.67443e-08 0.952877 2.41331e-12
832 7.67403e-08 0.953076 2.41365e-12
833 7.67277e-08 0.953118 2.4138e-12
834 7.672e-08 0.95316 2.41395e-12
835 7.67177e-08 0.953193 2.41406e-12
836 7.66966e-08 0.953227 2.41417e-12
837 7.66819e-08 0.953269 2.41432e-12
838 7.66792e-08 0.953311 2.41448e-12
839 7.66585e-08 0.953671 2.41524e-12
840 7.66528e-08 0.953737 2.41535e-12
841 7.66404e-08 0.953779 2.4155e-12
842 7.66157e-08 0.953813 2.41561e-12
843 7.6615e-08 0.953846 2.41572e-12
844 7.66091e-08 0.954046 2.41605e-12
845 7.65997e-08 0.954088 2.41621e-12
846 7.65952e-08 0.954154 2.41632e-12
847 7.65735e-08 0.954353 2.41665e-12
848 7.65653e-08 0.954569 2.41711e-12
849 7.65352e-08 0.954611 2.41726e-12
850 7.65338e-08 0.954645 2.41737e-12
851 7.65216e-08 0.954844 2.4177e-12
852 7.65086e-08 0.954886 2.41786e-12
853 7.64962e-08 0.95492 2.41797e-12
854 7.64778e-08 0.954986 2.41808e-12
855 7.64418e-08 0.955028 2.41823e-12
856 7.64385e-08 0.955227 2.41856e-12
857 7.64341e-08 0.955299 2.41871e-12
858 7.64129e-08 0.955341 2.41887e-12
859 7.63903e-08 0.955701 2.41963e-12
860 7.63748e-08 0.955778 2.41984e-12
861 7.63687e-08 0.956163 2.42088e-12
862 7.63483e-08 0.956205 2.42103e-12
863 7.63305e-08 0.956271 2.42114e-12
864 7.63281e-08 0.956487 2.4216e-12
865 7.63237e-08 0.956521 2.42171e-12
866 7.63172e-08 0.956737 2.42216e-12
867 7.63029e-08 0.956936 2.4225e-12
868 7.63006e-08 0.956978 2.42265e-12
869 7.62934e-08 0.957044 2.42276e-12
870 7.62518e-08 0.957244 2.42309e-12
871 7.62329e-08 0.957316 2.42324e-12
872 7.62144e-08 0.95735 2.42336e-12
873 7.62123e-08 0.957416 2.42347e-12
874 7.62025e-08 0.957632 2.42392e-12
875 7.61905e-08 0.958017 2.42496e-12
876 7.61549e-08 0.958233 2.42542e-12
877 7.61524e-08 0.958267 2.42553e-12
878 7.61463e-08 0.9583 2.42564e-12
879 7.61442e-08 0.958334 2.42575e-12
880 7.61414e-08 0.958533 2.42609e-12
881 7.61177e-08 0.958567 2.4262e-12
882 7.61094e-08 0.958634 2.42631e-12
883 7.60876e-08 0.95885 2.42676e-12
884 7.60812e-08 0.958883 2.42688e-12
885 7.60808e-08 0.95895 2.42699e-12
886 7.60675e-08 0.959181 2.42761e-12
887 7.60612e-08 0.95938 2.42794e-12
888 7.60476e-08 0.959452 2.4281e-12
889 7.60417e-08 0.959524 2.42825e-12
890 7.60382e-08 0.959921 2.42968e-12
891 7.60025e-08 0.959993 2.42983e-12
892 7.59867e-08 0.960065 2.42998e-12
893 7.59828e-08 0.960132 2.43009e-12
894 7.59799e-08 0.960331 2.43042e-12
895 7.59782e-08 0.960373 2.43058e-12
896 7.59735e-08 0.960445 2.43073e-12
897 7.59493e-08 0.960676 2.43135e-12
898 7.59488e-08 0.960718 2.43151e-12
899 7.59254e-08 0.960949 2.43213e-12
900 7.59235e-08 0.961026 2.43234e-12
901 7.59065e-08 0.96106 2.43245e-12
902 7.59064e-08 0.961102 2.4326e-12
903 7.58987e-08 0.961179 2.43281e-12
904 7.60127e-08 0.96141 2.43344e-12
905 7.59692e-08 0.961742 2.43399e-12
906 7.58831e-08 0.961784 2.43414e-12
907 7.58755e-08 0.961818 2.43425e-12
908 7.58722e-08 0.961895 2.43446e-12
909 7.58703e-08 0.961961 2.43457e-12
910 7.58637e-08 0.962033 2.43472e-12
911 7.58628e-08 0.962075 2.43488e-12
912 7.58411e-08 0.962147 2.43503e-12
913 7.58951e-08 0.962385 2.43588e-12
914 7.585e-08 0.962419 2.436e-12
915 7.58391e-08 0.962461 2.43615e-12
916 7.58359e-08 0.962495 2.43626e-12
917 7.5822e-08 0.962528 2.43637e-12
918 7.58209e-08 0.962744 2.43683e-12
919 7.58144e-08 0.962786 2.43698e-12
920 7.58136e-08 0.963017 2.4376e-12
921 7.58114e-08 0.963051 2.43771e-12
922 7.57998e-08 0.96325 2.43805e-12
923 7.57967e-08 0.963322 2.4382e-12
924 7.57949e-08 0.963399 2.43841e-12
925 7.57895e-08 0.963476 2.43862e-12
926 7.57785e-08 0.963692 2.43907e-12
927 7.5778e-08 0.963891 2.43941e-12
928 7.57769e-08 0.963933 2.43956e-12
929 7.57629e-08 0.964164 2.44018e-12
930 7.57799e-08 0.964396 2.44081e-12
931 7.57547e-08 0.964611 2.44126e-12
932 7.57532e-08 0.964645 2.44137e-12
933 7.57447e-08 0.964679 2.44149e-12
934 7.57385e-08 0.964756 2.44169e-12
935 7.57352e-08 0.96479 2.4418e-12
936 7.57298e-08 0.964832 2.44196e-12
937 7.57219e-08 0.964865 2.44207e-12
938 7.57216e-08 0.965081 2.44252e-12
939 7.57164e-08 0.965312 2.44315e-12
940 7.57096e-08 0.965528 2.44361e-12
941 7.56997e-08 0.965767 2.44446e-12
942 7.56948e-08 0.965833 2.44457e-12
943 7.57388e-08 0.966071 2.44543e-12
944 7.57272e-08 0.966143 2.44558e-12
945 7.56924e-08 0.966177 2.44569e-12
946 7.56912e-08 0.966219 2.44584e-12
947 7.56883e-08 0.966296 2.44605e-12
948 7.5687e-08 0.966346 2.44626e-12
949 7.5681e-08 0.966423 2.44647e-12
950 7.56802e-08 0.966457 2.44658e-12
951 7.56773e-08 0.966695 2.44744e-12
952 7.56635e-08 0.966772 2.44764e-12
953 7.56601e-08 0.966806 2.44776e-12
954 7.56573e-08 0.967045 2.44861e-12
955 7.56496e-08 0.967122 2.44882e-12
956 7.56375e-08 0.967164 2.44897e-12
957 7.5637e-08 0.967395 2.4496e-12
958 7.56349e-08 0.967472 2.44981e-12
959 7.56077e-08 0.967538 2.44992e-12
960 7.5607e-08 0.967572 2.45003e-12
961 7.56002e-08 0.967614 2.45018e-12
