0 7.18982e-08 0.102759 2.556e-13
1 7.17221e-08 0.102793 2.55711e-13
2 7.13325e-08 0.102992 2.56044e-13
3 7.1198e-08 0.103059 2.56155e-13
4 7.08085e-08 0.103258 2.56488e-13
5 7.06329e-08 0.103325 2.56599e-13
6 7.04694e-08 0.103358 2.5671e-13
7 7.0306e-08 0.103392 2.56821e-13
8 6.9962e-08 0.103591 2.57154e-13
9 6.99164e-08 0.103625 2.57265e-13
10 6.97855e-08 0.103692 2.57376e-13
11 6.97265e-08 0.103725 2.57487e-13
12 6.9616e-08 0.103759 2.57598e-13
13 6.95593e-08 0.103959 2.57931e-13
14 6.91785e-08 0.104158 2.58264e-13
15 6.90071e-08 0.104224 2.58375e-13
16 6.88448e-08 0.104258 2.58486e-13
17 6.86825e-08 0.104292 2.58597e-13
18 6.85202e-08 0.104326 2.58708e-13
19 6.83578e-08 0.104359 2.58819e-13
20 6.7988e-08 0.104559 2.59152e-13
21 6.7813e-08 0.104625 2.59263e-13
22 6.76497e-08 0.104659 2.59374e-13
23 6.74864e-08 0.104693 2.59485e-13
24 6.73231e-08 0.104726 2.59596e-13
25 6.69574e-08 0.104926 2.59929e-13
26 6.66025e-08 0.105125 2.60262e-13
27 6.64239e-08 0.105192 2.60373e-13
28 6.60699e-08 0.105391 2.60706e-13
29 6.58895e-08 0.105457 2.60817e-13
30 6.57249e-08 0.105491 2.60928e-13
31 6.54095e-08 0.10569 2.61261e-13
32 6.53837e-08 0.105724 2.61372e-13
33 6.48158e-08 0.106056 2.61927e-13
34 6.4684e-08 0.106123 2.62038e-13
35 6.42808e-08 0.106322 2.62371e-13
36 6.41684e-08 0.106389 2.62482e-13
37 6.41493e-08 0.106588 2.62815e-13
38 6.41432e-08 0.106622 2.62926e-13
39 6.39242e-08 0.106821 2.63259e-13
40 6.37723e-08 0.106855 2.6337e-13
41 6.34449e-08 0.107054 2.63703e-13
42 6.33049e-08 0.10712 2.63814e-13
43 6.32195e-08 0.107154 2.63925e-13
44 6.3151e-08 0.107188 2.64036e-13
45 6.31042e-08 0.107222 2.64147e-13
46 6.30597e-08 0.107256 2.64258e-13
47 6.2997e-08 0.107289 2.64369e-13
48 6.29394e-08 0.107489 2.64702e-13
49 6.29e-08 0.107522 2.64813e-13
50 6.27745e-08 0.107722 2.65146e-13
51 6.26626e-08 0.107788 2.65257e-13
52 6.26471e-08 0.107987 2.6559e-13
53 6.26295e-08 0.108187 2.65923e-13
54 6.248e-08 0.108221 2.66034e-13
55 6.24599e-08 0.108254 2.66145e-13
56 6.23801e-08 0.108454 2.66478e-13
57 6.23202e-08 0.108487 2.66589e-13
58 6.21835e-08 0.108687 2.66922e-13
59 6.20083e-08 0.108753 2.67033e-13
60 6.20019e-08 0.10882 2.67144e-13
61 6.19959e-08 0.108853 2.67255e-13
62 6.17461e-08 0.109053 2.67588e-13
63 6.16721e-08 0.109119 2.67699e-13
64 6.15927e-08 0.109318 2.68032e-13
65 6.13505e-08 0.109518 2.68365e-13
66 6.11915e-08 0.109717 2.68698e-13
67 6.10773e-08 0.109751 2.68809e-13
68 6.10354e-08 0.109785 2.6892e-13
69 6.10264e-08 0.109851 2.69031e-13
70 6.08794e-08 0.11005 2.69364e-13
71 6.0872e-08 0.110084 2.69475e-13
72 6.07321e-08 0.110151 2.69586e-13
73 6.03821e-08 0.11035 2.69919e-13
74 6.02972e-08 0.110416 2.7003e-13
75 6.02763e-08 0.11045 2.70141e-13
76 6.01889e-08 0.110649 2.70474e-13
77 6.01363e-08 0.110849 2.70807e-13
78 5.99754e-08 0.110883 2.70918e-13
79 5.99015e-08 0.111215 2.71473e-13
80 5.98606e-08 0.111414 2.71806e-13
81 5.97541e-08 0.111448 2.71917e-13
82 5.95864e-08 0.111647 2.7225e-13
83 5.93989e-08 0.111714 2.72361e-13
84 5.9368e-08 0.111747 2.72472e-13
85 5.92323e-08 0.111814 2.72583e-13
86 5.91917e-08 0.111848 2.72694e-13
87 5.91317e-08 0.111881 2.72805e-13
88 5.90657e-08 0.111948 2.72916e-13
89 5.90282e-08 0.112014 2.73027e-13
90 5.89474e-08 0.112048 2.73138e-13
91 5.89024e-08 0.112082 2.73249e-13
92 5.88646e-08 0.112281 2.73582e-13
93 5.87833e-08 0.11248 2.73915e-13
94 5.87308e-08 0.112514 2.74026e-13
95 5.86193e-08 0.112548 2.74137e-13
96 5.85874e-08 0.112614 2.74248e-13
97 5.85726e-08 0.112681 2.74359e-13
98 5.84837e-08 0.112715 2.7447e-13
99 5.84818e-08 0.112914 2.74803e-13
100 5.84737e-08 0.11298 2.74914e-13
101 5.8305e-08 0.11318 2.75247e-13
102 5.82435e-08 0.113246 2.75358e-13
103 5.81877e-08 0.11328 2.75469e-13
104 5.81847e-08 0.113479 2.75802e-13
105 5.81645e-08 0.113513 2.75913e-13
106 5.80337e-08 0.113579 2.76024e-13
107 5.79338e-08 0.113646 2.76135e-13
108 5.78645e-08 0.113712 2.76246e-13
109 5.78389e-08 0.113779 2.76357e-13
110 5.77156e-08 0.113831 2.76468e-13
111 5.77058e-08 0.11403 2.76801e-13
112 5.76658e-08 0.114064 2.76912e-13
113 5.75846e-08 0.11413 2.77023e-13
114 5.75818e-08 0.114197 2.77134e-13
115 5.75145e-08 0.114231 2.77245e-13
116 5.74444e-08 0.114297 2.77356e-13
117 5.73812e-08 0.114363 2.77467e-13
118 5.7366e-08 0.114579 2.77923e-13
119 5.73531e-08 0.114911 2.78478e-13
120 5.73347e-08 0.114945 2.78589e-13
121 5.71949e-08 0.114979 2.787e-13
122 5.71835e-08 0.115178 2.79033e-13
123 5.71761e-08 0.115394 2.79489e-13
124 5.70372e-08 0.115726 2.80044e-13
125 5.69858e-08 0.115926 2.80377e-13
126 5.69165e-08 0.115998 2.80529e-13
127 5.69143e-08 0.116213 2.80986e-13
128 5.6866e-08 0.116247 2.81097e-13
129 5.67643e-08 0.116281 2.81208e-13
130 5.67269e-08 0.11648 2.81541e-13
131 5.67205e-08 0.116552 2.81693e-13
132 5.67074e-08 0.116884 2.82248e-13
133 5.66605e-08 0.116951 2.82359e-13
134 5.65608e-08 0.117011 2.82511e-13
135 5.65495e-08 0.117045 2.82622e-13
136 5.65352e-08 0.117111 2.82733e-13
137 5.65342e-08 0.117177 2.82844e-13
138 5.64735e-08 0.117393 2.833e-13
139 5.64152e-08 0.117593 2.83633e-13
140 5.63546e-08 0.117792 2.83966e-13
141 5.63172e-08 0.117864 2.84118e-13
142 5.62857e-08 0.118063 2.84451e-13
143 5.61098e-08 0.118279 2.84907e-13
144 5.60682e-08 0.118313 2.85018e-13
145 5.60636e-08 0.118355 2.8517e-13
146 5.59951e-08 0.118388 2.85281e-13
147 5.59891e-08 0.118604 2.85738e-13
148 5.59605e-08 0.118803 2.86071e-13
149 5.59079e-08 0.118856 2.86182e-13
150 5.57975e-08 0.119055 2.86515e-13
151 5.57867e-08 0.119127 2.86667e-13
152 5.57564e-08 0.119193 2.86778e-13
153 5.5718e-08 0.119393 2.87111e-13
154 5.55521e-08 0.119608 2.87567e-13
155 5.54807e-08 0.11968 2.87719e-13
156 5.53356e-08 0.12004 2.88479e-13
157 5.52252e-08 0.120239 2.88812e-13
158 5.51838e-08 0.120455 2.89269e-13
159 5.50719e-08 0.120489 2.8938e-13
160 5.49312e-08 0.120705 2.89836e-13
161 5.48859e-08 0.120747 2.89988e-13
162 5.48406e-08 0.120788 2.9014e-13
163 5.48239e-08 0.12083 2.90292e-13
164 5.47953e-08 0.120864 2.90403e-13
165 5.475e-08 0.120906 2.90555e-13
166 5.47048e-08 0.120948 2.90707e-13
167 5.46597e-08 0.12099 2.90859e-13
168 5.46146e-08 0.121031 2.91011e-13
169 5.45997e-08 0.121073 2.91163e-13
170 5.45695e-08 0.12114 2.91274e-13
171 5.45245e-08 0.121182 2.91426e-13
172 5.45078e-08 0.121223 2.91578e-13
173 5.44841e-08 0.121439 2.92035e-13
174 5.44802e-08 0.121473 2.92146e-13
175 5.45211e-08 0.121545 2.92298e-13
176 5.4436e-08 0.121611 2.92409e-13
177 5.43918e-08 0.121683 2.92561e-13
178 5.43866e-08 0.121725 2.92713e-13
179 5.43449e-08 0.121925 2.93046e-13
180 5.43073e-08 0.121966 2.93198e-13
181 5.42979e-08 0.122166 2.93531e-13
182 5.42779e-08 0.122381 2.93987e-13
183 5.41683e-08 0.122581 2.9432e-13
184 5.4156e-08 0.122647 2.94431e-13
185 5.41525e-08 0.122714 2.94639e-13
186 5.40831e-08 0.122913 2.94972e-13
187 5.40355e-08 0.122947 2.95083e-13
188 5.39242e-08 0.123162 2.9554e-13
189 5.39062e-08 0.123196 2.95651e-13
190 5.38826e-08 0.123268 2.95803e-13
191 5.38674e-08 0.123468 2.96136e-13
192 5.3862e-08 0.123534 2.96247e-13
193 5.38091e-08 0.12375 2.96703e-13
194 5.37747e-08 0.123949 2.97036e-13
195 5.37201e-08 0.124148 2.97369e-13
196 5.35962e-08 0.124364 2.97825e-13
197 5.35908e-08 0.124563 2.98158e-13
198 5.3513e-08 0.124635 2.9831e-13
199 5.3492e-08 0.124677 2.98462e-13
200 5.34686e-08 0.124744 2.98573e-13
201 5.34242e-08 0.124786 2.98725e-13
202 5.34167e-08 0.124858 2.98877e-13
203 5.33839e-08 0.124924 2.98988e-13
204 5.33178e-08 0.12514 2.99445e-13
205 5.32518e-08 0.125206 2.99556e-13
206 5.32379e-08 0.125406 2.99889e-13
207 5.31676e-08 0.125477 3.00041e-13
208 5.31652e-08 0.125544 3.00152e-13
209 5.31204e-08 0.125586 3.00304e-13
210 5.30234e-08 0.125802 3.0076e-13
211 5.29585e-08 0.125835 3.00871e-13
212 5.29433e-08 0.126051 3.01327e-13
213 5.29257e-08 0.126085 3.01438e-13
214 5.29077e-08 0.126151 3.01549e-13
215 5.28683e-08 0.126218 3.0166e-13
216 5.28404e-08 0.126417 3.01993e-13
217 5.27667e-08 0.126633 3.02449e-13
218 5.27561e-08 0.126699 3.0256e-13
219 5.27438e-08 0.126733 3.02671e-13
220 5.27332e-08 0.1268 3.02782e-13
221 5.27251e-08 0.126833 3.02893e-13
222 5.26966e-08 0.126905 3.03045e-13
223 5.26664e-08 0.127121 3.03502e-13
224 5.25516e-08 0.127337 3.03958e-13
225 5.25452e-08 0.127409 3.0411e-13
226 5.24929e-08 0.127608 3.04443e-13
227 5.24312e-08 0.127824 3.04899e-13
228 5.23967e-08 0.128023 3.05232e-13
229 5.23803e-08 0.12809 3.05343e-13
230 5.22747e-08 0.128305 3.05799e-13
231 5.22222e-08 0.128521 3.06256e-13
232 5.22015e-08 0.128588 3.06367e-13
233 5.21775e-08 0.128654 3.06478e-13
234 5.21708e-08 0.128721 3.06589e-13
235 5.21314e-08 0.128793 3.06741e-13
236 5.20875e-08 0.128845 3.06852e-13
237 5.20007e-08 0.12906 3.07308e-13
238 5.19878e-08 0.129276 3.07764e-13
239 5.19521e-08 0.129348 3.07916e-13
240 5.1914e-08 0.129564 3.08372e-13
241 5.18912e-08 0.12963 3.08483e-13
242 5.18723e-08 0.129963 3.09038e-13
243 5.18057e-08 0.130035 3.0919e-13
244 5.18049e-08 0.130106 3.09343e-13
245 5.17822e-08 0.13014 3.09454e-13
246 5.17083e-08 0.13021 3.09739e-13
247 5.16992e-08 0.130262 3.0985e-13
248 5.16945e-08 0.130462 3.10183e-13
249 5.18473e-08 0.130693 3.10808e-13
250 5.16519e-08 0.130759 3.10919e-13
251 5.16499e-08 0.130959 3.11252e-13
252 5.16171e-08 0.130992 3.11363e-13
253 5.15825e-08 0.131224 3.11988e-13
254 5.15824e-08 0.131423 3.12321e-13
255 5.15405e-08 0.131622 3.12654e-13
256 5.15139e-08 0.131694 3.12806e-13
257 5.14998e-08 0.131925 3.13431e-13
258 5.14524e-08 0.132141 3.13887e-13
259 5.14464e-08 0.132213 3.14039e-13
260 5.14374e-08 0.132273 3.14191e-13
261 5.13608e-08 0.132504 3.14816e-13
262 5.13583e-08 0.132576 3.14968e-13
263 5.13342e-08 0.132618 3.15121e-13
264 5.13271e-08 0.132695 3.15329e-13
265 5.13094e-08 0.132911 3.15785e-13
266 5.12967e-08 0.133142 3.1641e-13
267 5.12443e-08 0.133214 3.16562e-13
268 5.12068e-08 0.133286 3.16714e-13
269 5.11986e-08 0.133517 3.17339e-13
270 5.11585e-08 0.133559 3.17491e-13
271 5.11423e-08 0.133625 3.17602e-13
272 5.11284e-08 0.133697 3.17754e-13
273 5.11006e-08 0.133928 3.18379e-13
274 5.10406e-08 0.134 3.18531e-13
275 5.10309e-08 0.134077 3.1874e-13
276 5.10226e-08 0.134293 3.19196e-13
277 5.09751e-08 0.134524 3.19821e-13
278 5.09717e-08 0.134724 3.20154e-13
279 5.09519e-08 0.134796 3.20306e-13
280 5.09321e-08 0.134867 3.20458e-13
281 5.09206e-08 0.134901 3.20569e-13
282 5.09723e-08 0.134978 3.20777e-13
283 5.09043e-08 0.135012 3.20888e-13
284 5.08884e-08 0.135089 3.21097e-13
285 5.08746e-08 0.135166 3.21305e-13
286 5.08826e-08 0.135397 3.2193e-13
287 5.08349e-08 0.135613 3.22386e-13
288 5.07951e-08 0.135844 3.23011e-13
289 5.07792e-08 0.135921 3.2322e-13
290 5.07717e-08 0.135988 3.23331e-13
291 5.07239e-08 0.136373 3.24372e-13
292 5.07064e-08 0.13644 3.24483e-13
293 5.06916e-08 0.136511 3.24635e-13
294 5.06401e-08 0.136743 3.2526e-13
295 5.07592e-08 0.136981 3.26117e-13
296 5.06374e-08 0.137041 3.26269e-13
297 5.06134e-08 0.137118 3.26477e-13
298 5.06244e-08 0.137356 3.27333e-13
299 5.05986e-08 0.137428 3.27485e-13
300 5.06261e-08 0.137659 3.2811e-13
301 5.05902e-08 0.137731 3.28263e-13
302 5.0588e-08 0.13797 3.29119e-13
303 5.05874e-08 0.138003 3.2923e-13
304 5.05716e-08 0.138081 3.29438e-13
305 5.05262e-08 0.138312 3.30063e-13
306 5.0507e-08 0.138389 3.30271e-13
307 5.05069e-08 0.138627 3.31128e-13
