0 6.61315e-08 0.534497 1.3818e-12
1 6.59528e-08 0.534531 1.38191e-12
2 6.57813e-08 0.534565 1.38202e-12
3 6.56098e-08 0.534599 1.38213e-12
4 6.54383e-08 0.534633 1.38224e-12
5 6.54008e-08 0.534666 1.38236e-12
6 6.52668e-08 0.5347 1.38247e-12
7 6.52208e-08 0.534734 1.38258e-12
8 6.50953e-08 0.534768 1.38269e-12
9 6.50481e-08 0.534801 1.3828e-12
10 6.49239e-08 0.534835 1.38291e-12
11 6.48754e-08 0.534869 1.38302e-12
12 6.47524e-08 0.534903 1.38313e-12
13 6.47027e-08 0.534937 1.38324e-12
14 6.46144e-08 0.53497 1.38335e-12
15 6.45809e-08 0.535004 1.38347e-12
16 6.45299e-08 0.535038 1.38358e-12
17 6.44369e-08 0.535072 1.38369e-12
18 6.44284e-08 0.535106 1.3838e-12
19 6.43572e-08 0.535139 1.38391e-12
20 6.42665e-08 0.535173 1.38402e-12
21 6.42619e-08 0.535207 1.38413e-12
22 6.4253e-08 0.535241 1.38424e-12
23 6.41845e-08 0.535274 1.38435e-12
24 6.41478e-08 0.535308 1.38446e-12
25 6.40961e-08 0.535342 1.38458e-12
26 6.40953e-08 0.535376 1.38469e-12
27 6.4089e-08 0.535575 1.38502e-12
28 6.39687e-08 0.535609 1.38513e-12
29 6.39257e-08 0.535643 1.38524e-12
30 6.39249e-08 0.535676 1.38535e-12
31 6.35353e-08 0.535876 1.38569e-12
32 6.33935e-08 0.535942 1.3858e-12
33 6.32391e-08 0.535976 1.38591e-12
34 6.32232e-08 0.53601 1.38602e-12
35 6.29346e-08 0.536209 1.38635e-12
36 6.28336e-08 0.536243 1.38646e-12
37 6.27566e-08 0.536309 1.38657e-12
38 6.26448e-08 0.536343 1.38668e-12
39 6.25857e-08 0.536377 1.3868e-12
40 6.24932e-08 0.536411 1.38691e-12
41 6.2478e-08 0.536444 1.38702e-12
42 6.24149e-08 0.536478 1.38713e-12
43 6.2323e-08 0.536512 1.38724e-12
44 6.23111e-08 0.536546 1.38735e-12
45 6.2244e-08 0.536579 1.38746e-12
46 6.21527e-08 0.536613 1.38757e-12
47 6.21442e-08 0.536647 1.38768e-12
48 6.21383e-08 0.536846 1.38802e-12
49 6.20731e-08 0.53688 1.38813e-12
50 6.19623e-08 0.536914 1.38824e-12
51 6.19022e-08 0.536948 1.38835e-12
52 6.18673e-08 0.536981 1.38846e-12
53 6.17933e-08 0.537015 1.38857e-12
54 6.17546e-08 0.537049 1.38868e-12
55 6.17313e-08 0.537115 1.38879e-12
56 6.1691e-08 0.537149 1.3889e-12
57 6.16242e-08 0.537183 1.38902e-12
58 6.15647e-08 0.537217 1.38913e-12
59 6.15605e-08 0.537251 1.38924e-12
60 6.15216e-08 0.537284 1.38935e-12
61 6.15002e-08 0.537318 1.38946e-12
62 6.14734e-08 0.537352 1.38957e-12
63 6.14552e-08 0.537386 1.38968e-12
64 6.13975e-08 0.53742 1.38979e-12
65 6.13896e-08 0.537453 1.3899e-12
66 6.13242e-08 0.537653 1.39024e-12
67 6.12861e-08 0.537686 1.39035e-12
68 6.12303e-08 0.53772 1.39046e-12
69 6.11891e-08 0.537754 1.39057e-12
70 6.11844e-08 0.537788 1.39068e-12
71 6.11801e-08 0.537822 1.39079e-12
72 6.11552e-08 0.537855 1.3909e-12
73 6.11171e-08 0.537889 1.39101e-12
74 6.10631e-08 0.537923 1.39112e-12
75 6.10133e-08 0.537957 1.39124e-12
76 6.10074e-08 0.53799 1.39135e-12
77 6.10039e-08 0.538024 1.39146e-12
78 6.1e-08 0.538058 1.39157e-12
79 6.09862e-08 0.538124 1.39168e-12
80 6.09481e-08 0.538158 1.39179e-12
81 6.08959e-08 0.538192 1.3919e-12
82 6.08721e-08 0.538226 1.39201e-12
83 6.08491e-08 0.538425 1.39235e-12
84 6.08444e-08 0.538459 1.39246e-12
85 6.08307e-08 0.538493 1.39257e-12
86 6.08171e-08 0.538526 1.39268e-12
87 6.07766e-08 0.53856 1.39279e-12
88 6.07595e-08 0.538594 1.3929e-12
89 6.07353e-08 0.538628 1.39301e-12
90 6.07104e-08 0.538662 1.39312e-12
91 6.06923e-08 0.538861 1.39346e-12
92 6.06755e-08 0.53906 1.39379e-12
93 6.06729e-08 0.539094 1.3939e-12
94 6.06576e-08 0.539128 1.39401e-12
95 6.0655e-08 0.539161 1.39412e-12
96 6.06481e-08 0.539195 1.39423e-12
97 6.0607e-08 0.539229 1.39434e-12
98 6.05815e-08 0.539263 1.39445e-12
99 6.05555e-08 0.539297 1.39457e-12
100 6.05067e-08 0.53933 1.39468e-12
101 6.05002e-08 0.539364 1.39479e-12
102 6.04856e-08 0.539398 1.3949e-12
103 6.04844e-08 0.539432 1.39501e-12
104 6.0479e-08 0.539466 1.39512e-12
105 6.04373e-08 0.539499 1.39523e-12
106 6.0437e-08 0.539533 1.39534e-12
107 6.04106e-08 0.539732 1.39568e-12
108 6.0383e-08 0.539766 1.39579e-12
109 6.03528e-08 0.5398 1.3959e-12
110 6.03378e-08 0.539999 1.39623e-12
111 6.03296e-08 0.540033 1.39634e-12
112 6.03113e-08 0.540232 1.39667e-12
113 6.031e-08 0.540266 1.39679e-12
114 6.03027e-08 0.5403 1.3969e-12
115 6.03016e-08 0.540366 1.39701e-12
116 6.02677e-08 0.5404 1.39712e-12
117 6.02595e-08 0.540434 1.39723e-12
118 6.02397e-08 0.540468 1.39734e-12
119 6.02104e-08 0.540501 1.39745e-12
120 6.01689e-08 0.540535 1.39756e-12
121 6.01409e-08 0.540569 1.39767e-12
122 6.01381e-08 0.540603 1.39778e-12
123 6.01259e-08 0.540637 1.3979e-12
124 6.01056e-08 0.54067 1.39801e-12
125 6.0098e-08 0.540704 1.39812e-12
126 6.00923e-08 0.540738 1.39823e-12
127 6.00891e-08 0.540772 1.39834e-12
128 6.00852e-08 0.540805 1.39845e-12
129 6.00688e-08 0.540839 1.39856e-12
130 6.00378e-08 0.540873 1.39867e-12
131 6e-08 0.540907 1.39878e-12
132 5.9995e-08 0.540941 1.39889e-12
133 5.99689e-08 0.540974 1.39901e-12
134 5.99649e-08 0.541008 1.39912e-12
135 5.99632e-08 0.541042 1.39923e-12
136 5.99611e-08 0.541241 1.39956e-12
137 5.9957e-08 0.541308 1.39967e-12
138 5.99284e-08 0.541341 1.39978e-12
139 5.99251e-08 0.541541 1.40012e-12
140 5.991e-08 0.54174 1.40045e-12
141 5.9898e-08 0.541774 1.40056e-12
142 5.98653e-08 0.541808 1.40067e-12
143 5.98311e-08 0.541841 1.40078e-12
144 5.98187e-08 0.541875 1.40089e-12
145 5.97991e-08 0.541909 1.401e-12
146 5.97918e-08 0.541943 1.40111e-12
147 5.97681e-08 0.542142 1.40145e-12
148 5.97078e-08 0.542341 1.40178e-12
149 5.95743e-08 0.542541 1.40211e-12
150 5.95403e-08 0.542607 1.40222e-12
151 5.94482e-08 0.542806 1.40256e-12
152 5.94194e-08 0.54284 1.40267e-12
153 5.93624e-08 0.542907 1.40278e-12
154 5.92849e-08 0.54294 1.40289e-12
155 5.92761e-08 0.542974 1.403e-12
156 5.91824e-08 0.543008 1.40311e-12
157 5.91514e-08 0.543042 1.40322e-12
158 5.91325e-08 0.543108 1.40333e-12
159 5.9104e-08 0.543308 1.40367e-12
160 5.90097e-08 0.543507 1.404e-12
161 5.89987e-08 0.543541 1.40411e-12
162 5.8837e-08 0.54374 1.40444e-12
163 5.87913e-08 0.543774 1.40456e-12
164 5.87785e-08 0.54384 1.40467e-12
165 5.87178e-08 0.543907 1.40478e-12
166 5.86656e-08 0.54394 1.40489e-12
167 5.86643e-08 0.544007 1.405e-12
168 5.86634e-08 0.544041 1.40511e-12
169 5.86581e-08 0.544074 1.40522e-12
170 5.86566e-08 0.544274 1.40555e-12
171 5.85725e-08 0.54434 1.40567e-12
172 5.85541e-08 0.544539 1.406e-12
173 5.84588e-08 0.544606 1.40611e-12
174 5.84357e-08 0.54464 1.40622e-12
175 5.84255e-08 0.544673 1.40633e-12
176 5.83217e-08 0.544873 1.40666e-12
177 5.82973e-08 0.544939 1.40678e-12
178 5.82896e-08 0.544973 1.40689e-12
179 5.82656e-08 0.545007 1.407e-12
180 5.82559e-08 0.545041 1.40711e-12
181 5.82245e-08 0.545074 1.40722e-12
182 5.82067e-08 0.545108 1.40733e-12
183 5.81819e-08 0.545175 1.40744e-12
184 5.8179e-08 0.545208 1.40755e-12
185 5.81738e-08 0.545408 1.40789e-12
186 5.81503e-08 0.545474 1.408e-12
187 5.81501e-08 0.545673 1.40833e-12
188 5.81254e-08 0.545873 1.40866e-12
189 5.81204e-08 0.545906 1.40877e-12
190 5.81035e-08 0.54594 1.40888e-12
191 5.80578e-08 0.54614 1.40922e-12
192 5.80347e-08 0.546173 1.40933e-12
193 5.80119e-08 0.54624 1.40944e-12
194 5.8008e-08 0.546274 1.40955e-12
195 5.79894e-08 0.546473 1.40988e-12
196 5.79889e-08 0.546507 1.40999e-12
197 5.78277e-08 0.546573 1.41011e-12
198 5.78167e-08 0.546607 1.41022e-12
199 5.78146e-08 0.546641 1.41033e-12
200 5.77884e-08 0.546674 1.41044e-12
201 5.77299e-08 0.546741 1.41055e-12
202 5.76808e-08 0.546775 1.41066e-12
203 5.76668e-08 0.546808 1.41077e-12
204 5.76554e-08 0.546842 1.41088e-12
205 5.7644e-08 0.546909 1.41099e-12
206 5.76383e-08 0.546942 1.4111e-12
207 5.76188e-08 0.546976 1.41122e-12
208 5.75632e-08 0.547043 1.41133e-12
209 5.75569e-08 0.547076 1.41144e-12
210 5.75514e-08 0.54711 1.41155e-12
211 5.75356e-08 0.547144 1.41166e-12
212 5.75137e-08 0.547476 1.41221e-12
213 5.74981e-08 0.54751 1.41233e-12
214 5.74833e-08 0.547544 1.41244e-12
215 5.74822e-08 0.547743 1.41277e-12
216 5.74758e-08 0.547777 1.41288e-12
217 5.74689e-08 0.547811 1.41299e-12
218 5.73896e-08 0.547844 1.4131e-12
219 5.73704e-08 0.547878 1.41321e-12
220 5.73518e-08 0.547912 1.41332e-12
221 5.73323e-08 0.547978 1.41344e-12
222 5.73194e-08 0.548012 1.41355e-12
223 5.73156e-08 0.548046 1.41366e-12
224 5.72996e-08 0.54808 1.41377e-12
225 5.72277e-08 0.548114 1.41388e-12
226 5.72222e-08 0.548313 1.41421e-12
227 5.71802e-08 0.548347 1.41432e-12
228 5.71706e-08 0.54838 1.41443e-12
229 5.71665e-08 0.54858 1.41477e-12
230 5.71566e-08 0.548779 1.4151e-12
231 5.71317e-08 0.548813 1.41521e-12
232 5.71019e-08 0.549012 1.41554e-12
233 5.70931e-08 0.549046 1.41566e-12
234 5.70868e-08 0.54908 1.41577e-12
235 5.70828e-08 0.549113 1.41588e-12
236 5.70779e-08 0.549446 1.41643e-12
237 5.70492e-08 0.549479 1.41654e-12
238 5.69996e-08 0.549513 1.41665e-12
239 5.69994e-08 0.549547 1.41677e-12
240 5.69938e-08 0.549581 1.41688e-12
241 5.69629e-08 0.549615 1.41699e-12
242 5.69398e-08 0.549648 1.4171e-12
243 5.69269e-08 0.549682 1.41721e-12
244 5.6917e-08 0.549881 1.41754e-12
245 5.69141e-08 0.550214 1.4181e-12
246 5.68543e-08 0.550247 1.41821e-12
247 5.68376e-08 0.550281 1.41832e-12
248 5.68341e-08 0.55048 1.41865e-12
249 5.68259e-08 0.550514 1.41876e-12
250 5.68139e-08 0.550548 1.41887e-12
251 5.68077e-08 0.550582 1.41899e-12
252 5.68035e-08 0.550616 1.4191e-12
253 5.67947e-08 0.550682 1.41921e-12
254 5.6777e-08 0.550716 1.41932e-12
255 5.67624e-08 0.550782 1.41943e-12
256 5.67508e-08 0.550816 1.41954e-12
257 5.67344e-08 0.55085 1.41965e-12
258 5.67213e-08 0.550884 1.41976e-12
259 5.66939e-08 0.550917 1.41987e-12
260 5.6688e-08 0.550951 1.41998e-12
261 5.66748e-08 0.550985 1.4201e-12
262 5.66533e-08 0.551019 1.42021e-12
263 5.66525e-08 0.551052 1.42032e-12
264 5.66476e-08 0.551086 1.42043e-12
265 5.66309e-08 0.55112 1.42054e-12
266 5.6628e-08 0.551154 1.42065e-12
267 5.66085e-08 0.551353 1.42098e-12
268 5.66084e-08 0.551387 1.42109e-12
269 5.66002e-08 0.551586 1.42143e-12
270 5.65889e-08 0.551786 1.42176e-12
271 5.65789e-08 0.551985 1.42209e-12
272 5.6562e-08 0.552019 1.4222e-12
273 5.65603e-08 0.552052 1.42232e-12
274 5.65514e-08 0.552086 1.42243e-12
275 5.65454e-08 0.552286 1.42276e-12
276 5.65369e-08 0.552319 1.42287e-12
277 5.65335e-08 0.552353 1.42298e-12
278 5.65155e-08 0.552387 1.42309e-12
279 5.64956e-08 0.552421 1.4232e-12
280 5.64927e-08 0.552487 1.42331e-12
281 5.6479e-08 0.552521 1.42343e-12
282 5.64683e-08 0.552555 1.42354e-12
283 5.63992e-08 0.552588 1.42365e-12
284 5.63896e-08 0.552622 1.42376e-12
285 5.63831e-08 0.552656 1.42387e-12
286 5.63731e-08 0.552855 1.4242e-12
287 5.63729e-08 0.553055 1.42454e-12
288 5.63321e-08 0.553254 1.42487e-12
289 5.63177e-08 0.553453 1.4252e-12
290 5.63056e-08 0.553653 1.42553e-12
291 5.62934e-08 0.553686 1.42565e-12
292 5.62625e-08 0.553753 1.42576e-12
293 5.62458e-08 0.553819 1.42587e-12
294 5.6237e-08 0.553853 1.42598e-12
295 5.6143e-08 0.553887 1.42609e-12
296 5.61346e-08 0.553921 1.4262e-12
297 5.61197e-08 0.553954 1.42631e-12
298 5.60985e-08 0.554154 1.42664e-12
299 5.60718e-08 0.554187 1.42676e-12
300 5.60612e-08 0.554221 1.42687e-12
301 5.60054e-08 0.554255 1.42698e-12
302 5.59922e-08 0.554289 1.42709e-12
303 5.59822e-08 0.554488 1.42742e-12
304 5.59814e-08 0.554687 1.42775e-12
305 5.59803e-08 0.554754 1.42787e-12
306 5.59634e-08 0.554953 1.4282e-12
307 5.59553e-08 0.554987 1.42831e-12
308 5.59293e-08 0.555186 1.42864e-12
309 5.58955e-08 0.55522 1.42875e-12
310 5.58702e-08 0.555254 1.42886e-12
311 5.58409e-08 0.555288 1.42898e-12
312 5.58311e-08 0.555321 1.42909e-12
313 5.58011e-08 0.555355 1.4292e-12
314 5.57908e-08 0.555389 1.42931e-12
315 5.57601e-08 0.555588 1.42964e-12
316 5.57531e-08 0.555788 1.42997e-12
317 5.57019e-08 0.555854 1.43009e-12
318 5.56647e-08 0.555888 1.4302e-12
319 5.5656e-08 0.555922 1.43031e-12
320 5.56274e-08 0.556121 1.43064e-12
321 5.56216e-08 0.556155 1.43075e-12
322 5.56123e-08 0.556188 1.43086e-12
323 5.56117e-08 0.556222 1.43097e-12
324 5.55895e-08 0.556256 1.43108e-12
325 5.55336e-08 0.556455 1.43142e-12
326 5.5506e-08 0.556489 1.43153e-12
327 5.54526e-08 0.556523 1.43164e-12
328 5.54482e-08 0.556557 1.43175e-12
329 5.54428e-08 0.55659 1.43186e-12
330 5.5424e-08 0.556624 1.43197e-12
331 5.53951e-08 0.556823 1.43231e-12
332 5.53705e-08 0.556857 1.43242e-12
333 5.53702e-08 0.557057 1.43275e-12
334 5.53653e-08 0.55709 1.43286e-12
335 5.53593e-08 0.557124 1.43297e-12
336 5.53409e-08 0.557158 1.43308e-12
337 5.53333e-08 0.557224 1.43319e-12
338 5.53249e-08 0.557258 1.4333e-12
339 5.52944e-08 0.557292 1.43342e-12
340 5.52868e-08 0.557491 1.43375e-12
341 5.5279e-08 0.557525 1.43386e-12
342 5.52747e-08 0.557591 1.43397e-12
343 5.52745e-08 0.557625 1.43408e-12
344 5.52739e-08 0.557825 1.43441e-12
345 5.5262e-08 0.557858 1.43453e-12
346 5.52615e-08 0.557892 1.43464e-12
347 5.52269e-08 0.558091 1.43497e-12
348 5.51971e-08 0.558125 1.43508e-12
349 5.51959e-08 0.558159 1.43519e-12
350 5.51469e-08 0.558193 1.4353e-12
351 5.51223e-08 0.558227 1.43541e-12
352 5.5105e-08 0.55826 1.43552e-12
353 5.51012e-08 0.558294 1.43564e-12
354 5.50893e-08 0.558328 1.43575e-12
355 5.50777e-08 0.558394 1.43586e-12
356 5.50586e-08 0.558428 1.43597e-12
357 5.50411e-08 0.558462 1.43608e-12
358 5.50288e-08 0.558496 1.43619e-12
359 5.49884e-08 0.558529 1.4363e-12
360 5.49815e-08 0.558729 1.43663e-12
361 5.49738e-08 0.558763 1.43675e-12
362 5.49602e-08 0.558829 1.43686e-12
363 5.49481e-08 0.558895 1.43697e-12
364 5.49361e-08 0.559095 1.4373e-12
365 5.49278e-08 0.559128 1.43741e-12
366 5.49185e-08 0.559162 1.43752e-12
367 5.48864e-08 0.559362 1.43786e-12
368 5.48792e-08 0.559428 1.43797e-12
369 5.48719e-08 0.559627 1.4383e-12
370 5.48605e-08 0.559694 1.43841e-12
371 5.4816e-08 0.559893 1.43874e-12
372 5.47959e-08 0.559927 1.43885e-12
373 5.47579e-08 0.560126 1.43919e-12
374 5.47543e-08 0.56016 1.4393e-12
375 5.47076e-08 0.560359 1.43963e-12
376 5.47063e-08 0.560559 1.43996e-12
377 5.4685e-08 0.560592 1.44008e-12
378 5.4661e-08 0.560626 1.44019e-12
379 5.46561e-08 0.560693 1.4403e-12
380 5.46505e-08 0.560726 1.44041e-12
381 5.46138e-08 0.56076 1.44052e-12
382 5.45878e-08 0.560959 1.44085e-12
383 5.45646e-08 0.560993 1.44096e-12
384 5.45418e-08 0.56106 1.44107e-12
385 5.45383e-08 0.561259 1.44141e-12
386 5.45375e-08 0.561458 1.44174e-12
387 5.44899e-08 0.561492 1.44185e-12
388 5.44827e-08 0.561526 1.44196e-12
389 5.44512e-08 0.561592 1.44207e-12
390 5.4435e-08 0.561924 1.44263e-12
391 5.44176e-08 0.562124 1.44296e-12
392 5.44053e-08 0.562158 1.44307e-12
393 5.4388e-08 0.562191 1.44318e-12
394 5.43579e-08 0.562391 1.44352e-12
395 5.43449e-08 0.562723 1.44407e-12
396 5.43279e-08 0.562922 1.4444e-12
397 5.4319e-08 0.562956 1.44452e-12
398 5.4318e-08 0.563155 1.44485e-12
399 5.43099e-08 0.563222 1.44496e-12
400 5.43083e-08 0.563421 1.44529e-12
401 5.42909e-08 0.56362 1.44563e-12
402 5.42857e-08 0.563952 1.44618e-12
403 5.42577e-08 0.564019 1.44629e-12
404 5.42498e-08 0.564053 1.4464e-12
405 5.42377e-08 0.564119 1.44651e-12
406 5.42359e-08 0.564318 1.44685e-12
407 5.42286e-08 0.564352 1.44696e-12
408 5.41915e-08 0.564552 1.44729e-12
409 5.41761e-08 0.564751 1.44762e-12
410 5.41665e-08 0.56495 1.44796e-12
411 5.41596e-08 0.564984 1.44807e-12
412 5.4141e-08 0.56505 1.44818e-12
413 5.41033e-08 0.56525 1.44851e-12
414 5.40472e-08 0.565449 1.44884e-12
415 5.40261e-08 0.565648 1.44918e-12
416 5.40137e-08 0.565715 1.44929e-12
417 5.40056e-08 0.565749 1.4494e-12
418 5.39942e-08 0.565815 1.44951e-12
419 5.39404e-08 0.565881 1.44962e-12
420 5.39178e-08 0.565915 1.44973e-12
421 5.38711e-08 0.566114 1.45007e-12
422 5.38687e-08 0.566314 1.4504e-12
423 5.3858e-08 0.566348 1.45051e-12
424 5.38472e-08 0.566547 1.45084e-12
425 5.3847e-08 0.566581 1.45095e-12
426 5.38422e-08 0.566647 1.45106e-12
427 5.38386e-08 0.566699 1.45118e-12
428 5.38255e-08 0.566733 1.45129e-12
429 5.38111e-08 0.566799 1.4514e-12
430 5.37994e-08 0.566833 1.45151e-12
431 5.37672e-08 0.566867 1.45162e-12
432 5.37563e-08 0.566901 1.45173e-12
433 5.37554e-08 0.5671 1.45206e-12
434 5.37341e-08 0.567299 1.4524e-12
435 5.37272e-08 0.567366 1.45251e-12
436 5.37098e-08 0.5674 1.45262e-12
437 5.36808e-08 0.567466 1.45273e-12
438 5.36663e-08 0.5675 1.45284e-12
439 5.36644e-08 0.567534 1.45295e-12
440 5.363e-08 0.5676 1.45306e-12
441 5.35965e-08 0.567634 1.45317e-12
442 5.359e-08 0.5677 1.45328e-12
443 5.35637e-08 0.567767 1.4534e-12
444 5.35199e-08 0.5678 1.45351e-12
445 5.34974e-08 0.567867 1.45362e-12
446 5.34858e-08 0.567901 1.45373e-12
447 5.34704e-08 0.567934 1.45384e-12
448 5.34498e-08 0.568134 1.45417e-12
449 5.34298e-08 0.5682 1.45428e-12
450 5.33878e-08 0.568267 1.45439e-12
451 5.33824e-08 0.5683 1.45451e-12
452 5.33797e-08 0.5685 1.45484e-12
453 5.33684e-08 0.568716 1.45529e-12
454 5.33667e-08 0.568915 1.45563e-12
455 5.33648e-08 0.569114 1.45596e-12
456 5.33559e-08 0.569313 1.45629e-12
457 5.33398e-08 0.569347 1.4564e-12
458 5.33332e-08 0.569547 1.45674e-12
459 5.33286e-08 0.569746 1.45707e-12
460 5.33235e-08 0.56978 1.45718e-12
461 5.33222e-08 0.569979 1.45751e-12
462 5.32229e-08 0.570178 1.45785e-12
463 5.3182e-08 0.570378 1.45818e-12
464 5.31788e-08 0.570593 1.45864e-12
465 5.31723e-08 0.57066 1.45875e-12
466 5.31597e-08 0.570694 1.45886e-12
467 5.31551e-08 0.570727 1.45897e-12
468 5.31229e-08 0.570761 1.45908e-12
469 5.3106e-08 0.570795 1.45919e-12
470 5.30719e-08 0.570861 1.4593e-12
471 5.30519e-08 0.570895 1.45941e-12
472 5.30397e-08 0.570962 1.45952e-12
473 5.30364e-08 0.571028 1.45964e-12
474 5.303e-08 0.571227 1.45997e-12
475 5.30058e-08 0.571261 1.46008e-12
476 5.29908e-08 0.571295 1.46019e-12
477 5.29908e-08 0.571329 1.4603e-12
478 5.29855e-08 0.571362 1.46041e-12
479 5.29843e-08 0.571562 1.46075e-12
480 5.29821e-08 0.571634 1.4609e-12
481 5.29799e-08 0.571667 1.46101e-12
482 5.29499e-08 0.571701 1.46112e-12
483 5.29484e-08 0.571735 1.46123e-12
484 5.29402e-08 0.571769 1.46134e-12
485 5.29074e-08 0.571968 1.46167e-12
486 5.28964e-08 0.572167 1.46201e-12
487 5.28948e-08 0.572383 1.46246e-12
488 5.28913e-08 0.57245 1.46257e-12
489 5.28827e-08 0.572516 1.46269e-12
490 5.28822e-08 0.572583 1.4628e-12
491 5.28695e-08 0.572616 1.46291e-12
492 5.28661e-08 0.572683 1.46302e-12
493 5.28645e-08 0.572717 1.46313e-12
494 5.28643e-08 0.572783 1.46324e-12
495 5.28436e-08 0.572849 1.46335e-12
496 5.28394e-08 0.572883 1.46346e-12
497 5.28349e-08 0.573083 1.4638e-12
498 5.28096e-08 0.573116 1.46391e-12
499 5.28091e-08 0.573316 1.46424e-12
500 5.27994e-08 0.573349 1.46435e-12
501 5.27888e-08 0.573416 1.46446e-12
502 5.27724e-08 0.57345 1.46457e-12
503 5.27293e-08 0.573483 1.46468e-12
504 5.27254e-08 0.573699 1.46514e-12
505 5.27139e-08 0.573766 1.46525e-12
506 5.27086e-08 0.573799 1.46536e-12
507 5.27036e-08 0.573999 1.46569e-12
508 5.26877e-08 0.574033 1.46581e-12
509 5.26629e-08 0.574232 1.46614e-12
510 5.26404e-08 0.574298 1.46625e-12
511 5.26394e-08 0.574332 1.46636e-12
512 5.26363e-08 0.574366 1.46647e-12
513 5.26361e-08 0.574565 1.4668e-12
514 5.26274e-08 0.574599 1.46692e-12
515 5.262e-08 0.574665 1.46703e-12
516 5.26184e-08 0.574699 1.46714e-12
517 5.26039e-08 0.574766 1.46725e-12
518 5.26015e-08 0.574832 1.46736e-12
519 5.25993e-08 0.574866 1.46747e-12
520 5.25917e-08 0.575065 1.4678e-12
521 5.2582e-08 0.575264 1.46814e-12
522 5.25774e-08 0.575298 1.46825e-12
523 5.25659e-08 0.575498 1.46858e-12
524 5.2558e-08 0.575531 1.46869e-12
525 5.25527e-08 0.575603 1.46884e-12
526 5.25491e-08 0.575803 1.46918e-12
527 5.25456e-08 0.575869 1.46929e-12
528 5.25397e-08 0.575903 1.4694e-12
529 5.25361e-08 0.576102 1.46973e-12
530 5.25222e-08 0.576136 1.46984e-12
531 5.25089e-08 0.576335 1.47018e-12
532 5.24997e-08 0.576402 1.47029e-12
533 5.24957e-08 0.576601 1.47062e-12
534 5.24864e-08 0.576635 1.47073e-12
535 5.24785e-08 0.576668 1.47084e-12
536 5.24731e-08 0.576728 1.47099e-12
537 5.24482e-08 0.576762 1.47111e-12
538 5.24307e-08 0.576829 1.47122e-12
539 5.24271e-08 0.576862 1.47133e-12
540 5.24195e-08 0.576896 1.47144e-12
541 5.23894e-08 0.576963 1.47155e-12
542 5.23873e-08 0.576996 1.47166e-12
543 5.2383e-08 0.577063 1.47177e-12
544 5.23759e-08 0.577262 1.4721e-12
545 5.23743e-08 0.577296 1.47222e-12
546 5.23686e-08 0.577495 1.47255e-12
547 5.23589e-08 0.577529 1.47266e-12
548 5.23489e-08 0.577596 1.47277e-12
549 5.23461e-08 0.577637 1.47292e-12
550 5.23346e-08 0.577837 1.47326e-12
551 5.23208e-08 0.578036 1.47359e-12
552 5.23164e-08 0.57807 1.4737e-12
553 5.23069e-08 0.578136 1.47381e-12
554 5.23042e-08 0.57817 1.47392e-12
555 5.22796e-08 0.578369 1.47425e-12
556 5.22753e-08 0.578403 1.47437e-12
557 5.227e-08 0.578619 1.47482e-12
558 5.2256e-08 0.578818 1.47515e-12
559 5.22489e-08 0.578852 1.47527e-12
560 5.22361e-08 0.579068 1.47572e-12
561 5.22351e-08 0.579267 1.47605e-12
562 5.22306e-08 0.579301 1.47617e-12
563 5.22197e-08 0.579335 1.47628e-12
564 5.22135e-08 0.579368 1.47639e-12
565 5.22016e-08 0.579568 1.47672e-12
566 5.22011e-08 0.579602 1.47683e-12
567 5.21632e-08 0.579635 1.47694e-12
568 5.21606e-08 0.579835 1.47728e-12
569 5.21588e-08 0.579901 1.47739e-12
570 5.2154e-08 0.579968 1.4775e-12
571 5.2147e-08 0.580001 1.47761e-12
572 5.21383e-08 0.580201 1.47794e-12
573 5.21264e-08 0.580234 1.47805e-12
574 5.21114e-08 0.580306 1.4782e-12
575 5.20936e-08 0.580373 1.47832e-12
576 5.2085e-08 0.580407 1.47843e-12
577 5.20814e-08 0.58044 1.47854e-12
578 5.20786e-08 0.580474 1.47865e-12
579 5.20415e-08 0.580546 1.4788e-12
580 5.20386e-08 0.58058 1.47891e-12
581 5.20355e-08 0.580646 1.47902e-12
582 5.20332e-08 0.58068 1.47913e-12
583 5.20255e-08 0.580722 1.47929e-12
584 5.20041e-08 0.580756 1.4794e-12
585 5.19863e-08 0.580955 1.47973e-12
586 5.1969e-08 0.580997 1.47988e-12
587 5.19395e-08 0.581196 1.48021e-12
588 5.1931e-08 0.581412 1.48067e-12
589 5.19194e-08 0.581446 1.48078e-12
590 5.19135e-08 0.581645 1.48112e-12
591 5.18865e-08 0.581711 1.48123e-12
592 5.18726e-08 0.581745 1.48134e-12
593 5.18694e-08 0.581779 1.48145e-12
594 5.18668e-08 0.581978 1.48178e-12
595 5.18603e-08 0.582311 1.48234e-12
596 5.18529e-08 0.582344 1.48245e-12
597 5.18426e-08 0.582378 1.48256e-12
598 5.18391e-08 0.582445 1.48267e-12
599 5.18357e-08 0.582511 1.48278e-12
600 5.18327e-08 0.58271 1.48311e-12
601 5.18151e-08 0.582744 1.48322e-12
602 5.17989e-08 0.582943 1.48356e-12
603 5.17875e-08 0.58301 1.48377e-12
604 5.17816e-08 0.583044 1.48388e-12
605 5.17713e-08 0.58311 1.48399e-12
606 5.17703e-08 0.583144 1.4841e-12
607 5.17484e-08 0.583178 1.48421e-12
608 5.17443e-08 0.583377 1.48454e-12
609 5.17391e-08 0.583411 1.48465e-12
610 5.1707e-08 0.583463 1.48476e-12
611 5.16962e-08 0.583496 1.48488e-12
612 5.16841e-08 0.58353 1.48499e-12
613 5.16786e-08 0.583597 1.4851e-12
614 5.16749e-08 0.58363 1.48521e-12
615 5.16306e-08 0.583672 1.48536e-12
616 5.16265e-08 0.583714 1.48551e-12
617 5.1619e-08 0.583781 1.48562e-12
618 5.15982e-08 0.583814 1.48573e-12
619 5.15913e-08 0.584014 1.48607e-12
620 5.15893e-08 0.584047 1.48618e-12
621 5.15874e-08 0.584081 1.48629e-12
622 5.15869e-08 0.584115 1.4864e-12
623 5.15864e-08 0.584149 1.48651e-12
624 5.1571e-08 0.584191 1.48666e-12
625 5.15707e-08 0.584224 1.48677e-12
626 5.15625e-08 0.584258 1.48689e-12
627 5.15502e-08 0.584458 1.48722e-12
628 5.15491e-08 0.584657 1.48755e-12
629 5.15449e-08 0.584691 1.48766e-12
630 5.15421e-08 0.584724 1.48777e-12
631 5.1541e-08 0.584766 1.48793e-12
632 5.15396e-08 0.5848 1.48804e-12
633 5.15392e-08 0.584834 1.48815e-12
634 5.15372e-08 0.584868 1.48826e-12
635 5.15087e-08 0.584934 1.48837e-12
636 5.1507e-08 0.585133 1.4887e-12
637 5.14979e-08 0.5852 1.48881e-12
638 5.14899e-08 0.585242 1.48897e-12
639 5.1471e-08 0.585275 1.48908e-12
640 5.14577e-08 0.585309 1.48919e-12
641 5.14536e-08 0.585343 1.4893e-12
642 5.14241e-08 0.585385 1.48945e-12
643 5.14241e-08 0.585451 1.48956e-12
644 5.14234e-08 0.585485 1.48967e-12
645 5.14139e-08 0.585519 1.48978e-12
646 5.14094e-08 0.585718 1.49012e-12
647 5.14056e-08 0.58576 1.49027e-12
648 5.14047e-08 0.585826 1.49038e-12
649 5.14012e-08 0.586042 1.49084e-12
650 5.13846e-08 0.586076 1.49095e-12
651 5.13816e-08 0.58611 1.49106e-12
652 5.13731e-08 0.586144 1.49117e-12
653 5.13723e-08 0.586177 1.49128e-12
654 5.13718e-08 0.586211 1.49139e-12
655 5.13716e-08 0.58641 1.49172e-12
656 5.13651e-08 0.586444 1.49184e-12
657 5.13514e-08 0.586486 1.49199e-12
658 5.13387e-08 0.58652 1.4921e-12
659 5.13236e-08 0.586736 1.49255e-12
660 5.13216e-08 0.586802 1.49267e-12
661 5.13196e-08 0.586844 1.49282e-12
662 5.13117e-08 0.586878 1.49293e-12
663 5.13004e-08 0.586944 1.49304e-12
664 5.12867e-08 0.586978 1.49315e-12
665 5.12781e-08 0.587012 1.49326e-12
666 5.12632e-08 0.587054 1.49341e-12
667 5.12554e-08 0.58712 1.49352e-12
668 5.12544e-08 0.587154 1.49364e-12
669 5.12346e-08 0.587188 1.49375e-12
670 5.1228e-08 0.58723 1.4939e-12
671 5.12149e-08 0.587263 1.49401e-12
672 5.12049e-08 0.58733 1.49412e-12
673 5.12029e-08 0.587364 1.49423e-12
674 5.11983e-08 0.587397 1.49434e-12
675 5.11958e-08 0.587431 1.49445e-12
676 5.11913e-08 0.587498 1.49456e-12
677 5.11858e-08 0.587539 1.49472e-12
678 5.11784e-08 0.587573 1.49483e-12
679 5.11766e-08 0.587772 1.49516e-12
680 5.11724e-08 0.588105 1.49572e-12
681 5.1166e-08 0.588304 1.49605e-12
682 5.11599e-08 0.588503 1.49638e-12
683 5.11529e-08 0.588537 1.49649e-12
684 5.11481e-08 0.588571 1.4966e-12
685 5.11442e-08 0.588613 1.49676e-12
686 5.11403e-08 0.588812 1.49709e-12
687 5.11335e-08 0.588846 1.4972e-12
688 5.11289e-08 0.58888 1.49731e-12
689 5.11156e-08 0.588913 1.49742e-12
690 5.11067e-08 0.589113 1.49775e-12
691 5.11049e-08 0.589146 1.49787e-12
692 5.10927e-08 0.589188 1.49802e-12
693 5.10874e-08 0.589255 1.49813e-12
694 5.10751e-08 0.589288 1.49824e-12
695 5.1067e-08 0.589322 1.49835e-12
696 5.10644e-08 0.589654 1.49891e-12
697 5.10616e-08 0.589721 1.49902e-12
698 5.10603e-08 0.589763 1.49917e-12
699 5.10499e-08 0.589797 1.49928e-12
700 5.1039e-08 0.589863 1.49939e-12
701 5.1034e-08 0.589897 1.4995e-12
702 5.10268e-08 0.589931 1.49961e-12
703 5.1025e-08 0.589964 1.49972e-12
704 5.10245e-08 0.589998 1.49983e-12
705 5.10238e-08 0.590197 1.50017e-12
706 5.10184e-08 0.590231 1.50028e-12
707 5.1013e-08 0.590273 1.50043e-12
708 5.09928e-08 0.590307 1.50054e-12
709 5.099e-08 0.590506 1.50087e-12
710 5.09866e-08 0.59054 1.50099e-12
711 5.09826e-08 0.590606 1.5011e-12
712 5.09822e-08 0.59064 1.50121e-12
713 5.09771e-08 0.590674 1.50132e-12
714 5.09752e-08 0.590708 1.50143e-12
715 5.09701e-08 0.59075 1.50158e-12
716 5.09574e-08 0.590783 1.50169e-12
717 5.0937e-08 0.590817 1.5018e-12
718 5.09319e-08 0.591016 1.50214e-12
719 5.09223e-08 0.591058 1.50229e-12
720 5.09195e-08 0.591125 1.5024e-12
721 5.09157e-08 0.591159 1.50251e-12
722 5.09058e-08 0.591225 1.50262e-12
723 5.08887e-08 0.591259 1.50273e-12
724 5.08791e-08 0.591475 1.50319e-12
725 5.08752e-08 0.591508 1.5033e-12
726 5.0873e-08 0.591542 1.50341e-12
727 5.08651e-08 0.591576 1.50352e-12
728 5.08625e-08 0.591775 1.50386e-12
729 5.08541e-08 0.591842 1.50397e-12
730 5.08517e-08 0.591875 1.50408e-12
731 5.08504e-08 0.591909 1.50419e-12
732 5.08456e-08 0.591943 1.5043e-12
733 5.08437e-08 0.592009 1.50441e-12
734 5.08279e-08 0.592043 1.50452e-12
735 5.08269e-08 0.592077 1.50463e-12
736 5.08233e-08 0.592111 1.50474e-12
737 5.08123e-08 0.592177 1.50485e-12
738 5.08122e-08 0.592211 1.50497e-12
739 5.08e-08 0.592245 1.50508e-12
740 5.0799e-08 0.592279 1.50519e-12
741 5.07952e-08 0.592478 1.50552e-12
742 5.07859e-08 0.592694 1.50598e-12
743 5.07844e-08 0.592727 1.50609e-12
744 5.07779e-08 0.592927 1.50642e-12
745 5.07775e-08 0.593126 1.50675e-12
746 5.07755e-08 0.593458 1.50731e-12
747 5.07745e-08 0.593674 1.50776e-12
748 5.07594e-08 0.593708 1.50788e-12
749 5.07515e-08 0.59378 1.50803e-12
750 5.07383e-08 0.593814 1.50814e-12
751 5.07364e-08 0.593847 1.50825e-12
752 5.07248e-08 0.593881 1.50836e-12
753 5.0717e-08 0.593915 1.50847e-12
754 5.07111e-08 0.594114 1.5088e-12
755 5.07108e-08 0.594148 1.50892e-12
756 5.07101e-08 0.594347 1.50925e-12
757 5.0702e-08 0.594414 1.50936e-12
758 5.07004e-08 0.594456 1.50951e-12
759 5.06989e-08 0.594489 1.50962e-12
760 5.06851e-08 0.594523 1.50973e-12
761 5.06826e-08 0.594557 1.50984e-12
762 5.06807e-08 0.594591 1.50996e-12
763 5.06784e-08 0.594657 1.51007e-12
764 5.06677e-08 0.594691 1.51018e-12
765 5.06651e-08 0.594757 1.51029e-12
766 5.06588e-08 0.594957 1.51062e-12
767 5.06531e-08 0.59499 1.51073e-12
768 5.06447e-08 0.595206 1.51119e-12
769 5.06421e-08 0.595406 1.51152e-12
770 5.06421e-08 0.595439 1.51163e-12
771 5.05927e-08 0.595473 1.51174e-12
772 5.05921e-08 0.595507 1.51186e-12
773 5.05861e-08 0.595541 1.51197e-12
774 5.05836e-08 0.595574 1.51208e-12
775 5.05793e-08 0.595774 1.51241e-12
776 5.05778e-08 0.595973 1.51274e-12
777 5.05722e-08 0.596189 1.5132e-12
778 5.05686e-08 0.596388 1.51353e-12
779 5.05671e-08 0.596422 1.51364e-12
780 5.05626e-08 0.596456 1.51375e-12
781 5.05603e-08 0.596522 1.51387e-12
782 5.05465e-08 0.596722 1.5142e-12
783 5.05406e-08 0.596755 1.51431e-12
784 5.05395e-08 0.596797 1.51446e-12
785 5.05365e-08 0.596831 1.51457e-12
786 5.05295e-08 0.596883 1.51468e-12
787 5.05244e-08 0.596917 1.51479e-12
788 5.05212e-08 0.597133 1.51525e-12
789 5.05161e-08 0.597166 1.51536e-12
790 5.05148e-08 0.5972 1.51547e-12
791 5.05105e-08 0.597399 1.51581e-12
792 5.04938e-08 0.597433 1.51592e-12
793 5.04844e-08 0.597467 1.51603e-12
794 5.04822e-08 0.597799 1.51658e-12
795 5.04694e-08 0.597833 1.51669e-12
796 5.04675e-08 0.597905 1.51685e-12
797 5.04648e-08 0.597939 1.51696e-12
798 5.04606e-08 0.597972 1.51707e-12
799 5.0453e-08 0.598006 1.51718e-12
800 5.04505e-08 0.598206 1.51751e-12
801 5.04505e-08 0.598239 1.51762e-12
802 5.04494e-08 0.598439 1.51796e-12
803 5.04163e-08 0.598638 1.51829e-12
804 5.03977e-08 0.59868 1.51844e-12
805 5.03967e-08 0.598879 1.51877e-12
806 5.03967e-08 0.599095 1.51923e-12
807 5.03801e-08 0.599161 1.51934e-12
808 5.037e-08 0.599233 1.51949e-12
809 5.03658e-08 0.599275 1.51965e-12
810 5.03636e-08 0.599342 1.51976e-12
811 5.03607e-08 0.599408 1.51987e-12
812 5.03596e-08 0.599607 1.5202e-12
813 5.03429e-08 0.599674 1.52031e-12
814 5.03397e-08 0.599873 1.52064e-12
815 5.03367e-08 0.59994 1.52076e-12
816 5.03322e-08 0.599973 1.52087e-12
817 5.03271e-08 0.600007 1.52098e-12
818 5.03116e-08 0.600049 1.52113e-12
819 5.02991e-08 0.600083 1.52124e-12
820 5.02955e-08 0.600282 1.52157e-12
821 5.02842e-08 0.600342 1.52173e-12
822 5.02841e-08 0.600384 1.52188e-12
823 5.02744e-08 0.60045 1.52199e-12
824 5.02419e-08 0.600522 1.52214e-12
825 5.02412e-08 0.600722 1.52247e-12
826 5.02151e-08 0.600763 1.52263e-12
827 5.0197e-08 0.600835 1.52278e-12
828 5.01903e-08 0.600869 1.52289e-12
829 5.01866e-08 0.600911 1.52304e-12
830 5.01748e-08 0.600977 1.52315e-12
831 5.01747e-08 0.601019 1.5233e-12
832 5.01667e-08 0.601219 1.52364e-12
833 5.01576e-08 0.601261 1.52379e-12
834 5.01545e-08 0.601294 1.5239e-12
835 5.0146e-08 0.601361 1.52401e-12
836 5.01276e-08 0.601403 1.52416e-12
837 5.01255e-08 0.601618 1.52462e-12
838 5.0124e-08 0.601652 1.52473e-12
839 5.0123e-08 0.601686 1.52484e-12
840 5.01116e-08 0.601885 1.52517e-12
841 5.01017e-08 0.601919 1.52528e-12
842 5.00943e-08 0.602135 1.52574e-12
843 5.00934e-08 0.602169 1.52585e-12
844 5.00933e-08 0.602202 1.52596e-12
845 5.00858e-08 0.602418 1.52642e-12
846 5.00722e-08 0.602452 1.52653e-12
847 5.00382e-08 0.602486 1.52664e-12
848 5.00285e-08 0.602552 1.52675e-12
849 5.00184e-08 0.602586 1.52686e-12
850 4.99853e-08 0.60262 1.52697e-12
851 4.99842e-08 0.602654 1.52709e-12
852 4.99841e-08 0.602725 1.52724e-12
853 4.99818e-08 0.602925 1.52757e-12
854 4.99816e-08 0.603124 1.5279e-12
855 4.99724e-08 0.603196 1.52806e-12
856 4.99653e-08 0.603268 1.52821e-12
857 4.99582e-08 0.603302 1.52832e-12
858 4.99434e-08 0.603336 1.52843e-12
859 4.99378e-08 0.603369 1.52854e-12
860 4.99327e-08 0.603403 1.52865e-12
861 4.99268e-08 0.603437 1.52876e-12
862 4.9922e-08 0.603471 1.52887e-12
863 4.99187e-08 0.603504 1.52898e-12
864 4.99174e-08 0.603538 1.5291e-12
865 4.99166e-08 0.603572 1.52921e-12
866 4.99119e-08 0.603788 1.52966e-12
867 4.99073e-08 0.603822 1.52977e-12
868 4.99033e-08 0.603894 1.52993e-12
869 4.99009e-08 0.603935 1.53008e-12
870 4.98929e-08 0.603969 1.53019e-12
871 4.98877e-08 0.604003 1.5303e-12
872 4.98837e-08 0.604037 1.53041e-12
873 4.98758e-08 0.604236 1.53074e-12
874 4.98747e-08 0.604435 1.53108e-12
875 4.98598e-08 0.604635 1.53141e-12
876 4.9859e-08 0.604834 1.53174e-12
877 4.98579e-08 0.604876 1.53189e-12
878 4.98487e-08 0.605208 1.53245e-12
879 4.98398e-08 0.60525 1.5326e-12
880 4.98336e-08 0.605284 1.53271e-12
881 4.98146e-08 0.605499 1.53317e-12
882 4.98046e-08 0.605541 1.53332e-12
883 4.98032e-08 0.605575 1.53343e-12
884 4.97774e-08 0.605617 1.53358e-12
885 4.97703e-08 0.605949 1.53414e-12
886 4.97679e-08 0.606309 1.5349e-12
887 4.97596e-08 0.606375 1.53501e-12
888 4.97578e-08 0.606409 1.53512e-12
889 4.97568e-08 0.606481 1.53527e-12
890 4.97539e-08 0.606515 1.53538e-12
891 4.97304e-08 0.606714 1.53572e-12
892 4.97179e-08 0.60693 1.53617e-12
893 4.96959e-08 0.607146 1.53663e-12
894 4.96906e-08 0.607212 1.53674e-12
895 4.96746e-08 0.607279 1.53685e-12
896 4.96626e-08 0.607478 1.53719e-12
897 4.96577e-08 0.607677 1.53752e-12
898 4.96574e-08 0.607749 1.53767e-12
899 4.96571e-08 0.607948 1.538e-12
900 4.96294e-08 0.608308 1.53876e-12
901 4.96019e-08 0.608342 1.53887e-12
902 4.95985e-08 0.608408 1.53899e-12
903 4.95968e-08 0.60848 1.53914e-12
904 4.95909e-08 0.608514 1.53925e-12
905 4.9582e-08 0.60873 1.5397e-12
906 4.95313e-08 0.608764 1.53982e-12
907 4.95296e-08 0.608805 1.53997e-12
908 4.95112e-08 0.609005 1.5403e-12
909 4.94861e-08 0.609039 1.54041e-12
910 4.94858e-08 0.60908 1.54056e-12
911 4.94815e-08 0.609114 1.54068e-12
912 4.94792e-08 0.609181 1.54079e-12
913 4.94712e-08 0.60938 1.54112e-12
914 4.94682e-08 0.609422 1.54127e-12
915 4.9461e-08 0.609488 1.54138e-12
916 4.94442e-08 0.609704 1.54184e-12
917 4.94369e-08 0.609746 1.54199e-12
918 4.94359e-08 0.60978 1.5421e-12
919 4.94351e-08 0.609846 1.54221e-12
920 4.94311e-08 0.609918 1.54236e-12
921 4.94301e-08 0.610117 1.5427e-12
922 4.94298e-08 0.610151 1.54281e-12
923 4.94271e-08 0.610367 1.54326e-12
924 4.9407e-08 0.610566 1.5436e-12
925 4.94013e-08 0.6106 1.54371e-12
926 4.93981e-08 0.610816 1.54416e-12
927 4.9398e-08 0.61085 1.54428e-12
928 4.93832e-08 0.610883 1.54439e-12
929 4.93811e-08 0.610925 1.54454e-12
930 4.93727e-08 0.610967 1.54469e-12
931 4.93681e-08 0.611001 1.5448e-12
932 4.93613e-08 0.611035 1.54491e-12
933 4.93517e-08 0.611068 1.54502e-12
934 4.93424e-08 0.611268 1.54536e-12
935 4.93406e-08 0.611467 1.54569e-12
936 4.93368e-08 0.611683 1.54615e-12
937 4.93359e-08 0.611725 1.5463e-12
938 4.93236e-08 0.611767 1.54645e-12
939 4.9317e-08 0.6118 1.54656e-12
940 4.93083e-08 0.611834 1.54667e-12
941 4.93038e-08 0.612034 1.54701e-12
942 4.93037e-08 0.612067 1.54712e-12
943 4.92976e-08 0.612134 1.54723e-12
944 4.92954e-08 0.6122 1.54734e-12
945 4.92916e-08 0.612272 1.54749e-12
946 4.92906e-08 0.612314 1.54764e-12
947 4.92707e-08 0.61253 1.5481e-12
948 4.92682e-08 0.612564 1.54821e-12
949 4.92654e-08 0.612597 1.54832e-12
950 4.92649e-08 0.612797 1.54865e-12
951 4.92604e-08 0.61283 1.54876e-12
952 4.92583e-08 0.612864 1.54888e-12
953 4.92561e-08 0.612931 1.54899e-12
954 4.92522e-08 0.61313 1.54932e-12
955 4.92464e-08 0.613329 1.54965e-12
956 4.92462e-08 0.613371 1.5498e-12
957 4.92428e-08 0.613405 1.54992e-12
958 4.92383e-08 0.613439 1.55003e-12
959 4.92378e-08 0.613638 1.55036e-12
960 4.92371e-08 0.613672 1.55047e-12
961 4.92368e-08 0.613706 1.55058e-12
962 4.92278e-08 0.614065 1.55134e-12
963 4.92166e-08 0.614132 1.55145e-12
964 4.92155e-08 0.614331 1.55179e-12
965 4.92146e-08 0.61453 1.55212e-12
966 4.92115e-08 0.614572 1.55227e-12
967 4.92012e-08 0.614904 1.55283e-12
968 4.92007e-08 0.614971 1.55303e-12
969 4.91994e-08 0.615004 1.55315e-12
970 4.91923e-08 0.615337 1.5537e-12
971 4.91763e-08 0.615378 1.55385e-12
972 4.91762e-08 0.615412 1.55396e-12
973 4.91735e-08 0.615612 1.5543e-12
974 4.9171e-08 0.615827 1.55475e-12
975 4.91696e-08 0.615869 1.5549e-12
976 4.91678e-08 0.615903 1.55502e-12
977 4.91583e-08 0.616102 1.55535e-12
978 4.91567e-08 0.616136 1.55546e-12
979 4.91566e-08 0.616178 1.55561e-12
980 4.91453e-08 0.616244 1.55572e-12
981 4.91408e-08 0.616311 1.55583e-12
982 4.91366e-08 0.616527 1.55629e-12
983 4.91364e-08 0.616593 1.5564e-12
984 4.91308e-08 0.616627 1.55651e-12
985 4.9127e-08 0.616693 1.55662e-12
986 4.91228e-08 0.616735 1.55678e-12
987 4.91161e-08 0.616769 1.55689e-12
988 4.91139e-08 0.616968 1.55722e-12
989 4.91043e-08 0.617002 1.55733e-12
990 4.91042e-08 0.617036 1.55744e-12
991 4.90968e-08 0.617102 1.55755e-12
992 4.90901e-08 0.617136 1.55766e-12
993 4.90826e-08 0.617202 1.55777e-12
994 4.90781e-08 0.617244 1.55793e-12
995 4.90776e-08 0.61746 1.55838e-12
996 4.90382e-08 0.617494 1.55849e-12
997 4.90735e-08 0.61771 1.55895e-12
998 4.90349e-08 0.617744 1.55906e-12
999 4.90346e-08 0.617943 1.55939e-12
1000 4.90291e-08 0.618009 1.5595e-12
1001 4.90169e-08 0.618209 1.55984e-12
1002 4.90161e-08 0.618281 1.55999e-12
1003 4.90147e-08 0.618322 1.56014e-12
1004 4.90115e-08 0.618356 1.56025e-12
1005 4.89974e-08 0.61839 1.56036e-12
1006 4.89809e-08 0.618589 1.5607e-12
1007 4.89717e-08 0.618789 1.56103e-12
1008 4.89708e-08 0.618988 1.56136e-12
1009 4.89693e-08 0.619187 1.5617e-12
1010 4.89675e-08 0.619254 1.56181e-12
1011 4.89631e-08 0.619287 1.56192e-12
1012 4.89586e-08 0.619487 1.56225e-12
1013 4.89582e-08 0.61952 1.56236e-12
1014 4.89444e-08 0.619562 1.56251e-12
1015 4.89432e-08 0.619604 1.56267e-12
1016 4.89325e-08 0.619676 1.56282e-12
1017 4.89187e-08 0.619892 1.56327e-12
1018 4.89173e-08 0.619958 1.56339e-12
1019 4.89173e-08 0.620025 1.5635e-12
1020 4.89041e-08 0.620224 1.56383e-12
1021 4.8902e-08 0.620258 1.56394e-12
1022 4.89006e-08 0.620292 1.56405e-12
1023 4.89e-08 0.620334 1.5642e-12
1024 4.88884e-08 0.620367 1.56431e-12
1025 4.88864e-08 0.620439 1.56447e-12
1026 4.88788e-08 0.620473 1.56458e-12
1027 4.88582e-08 0.620539 1.56469e-12
1028 4.88572e-08 0.620755 1.56514e-12
1029 4.88549e-08 0.620797 1.5653e-12
1030 4.88451e-08 0.620864 1.56541e-12
1031 4.88312e-08 0.620936 1.56556e-12
1032 4.88276e-08 0.621151 1.56602e-12
1033 4.8823e-08 0.621203 1.56613e-12
1034 4.88176e-08 0.621273 1.56641e-12
1035 4.88138e-08 0.62134 1.56652e-12
1036 4.88123e-08 0.621382 1.56668e-12
1037 4.8799e-08 0.621448 1.56679e-12
1038 4.8783e-08 0.621647 1.56712e-12
1039 4.87819e-08 0.621681 1.56723e-12
1040 4.87788e-08 0.621715 1.56734e-12
1041 4.87745e-08 0.621781 1.56745e-12
1042 4.87705e-08 0.621981 1.56779e-12
1043 4.87634e-08 0.622023 1.56794e-12
1044 4.87556e-08 0.622222 1.56827e-12
1045 4.87493e-08 0.622256 1.56838e-12
1046 4.87358e-08 0.622455 1.56871e-12
1047 4.87349e-08 0.622489 1.56883e-12
1048 4.87328e-08 0.622523 1.56894e-12
1049 4.87327e-08 0.622754 1.56956e-12
1050 4.87323e-08 0.622788 1.56967e-12
1051 4.87313e-08 0.622854 1.56978e-12
1052 4.87271e-08 0.623053 1.57012e-12
1053 4.87177e-08 0.623095 1.57027e-12
1054 4.87172e-08 0.623162 1.57038e-12
1055 4.86837e-08 0.623195 1.57049e-12
1056 4.86721e-08 0.623237 1.57064e-12
1057 4.86627e-08 0.623437 1.57098e-12
1058 4.86598e-08 0.623503 1.57109e-12
1059 4.86563e-08 0.623537 1.5712e-12
1060 4.86488e-08 0.623609 1.57135e-12
1061 4.86481e-08 0.623675 1.57146e-12
1062 4.86456e-08 0.623742 1.57157e-12
1063 4.86448e-08 0.623808 1.57168e-12
1064 4.86403e-08 0.62388 1.57183e-12
1065 4.86297e-08 0.623922 1.57199e-12
1066 4.86258e-08 0.624153 1.57261e-12
1067 4.8623e-08 0.624187 1.57272e-12
1068 4.86168e-08 0.62422 1.57283e-12
1069 4.8609e-08 0.624254 1.57294e-12
1070 4.85969e-08 0.624288 1.57306e-12
1071 4.85908e-08 0.62433 1.57321e-12
1072 4.85801e-08 0.62439 1.57336e-12
1073 4.85716e-08 0.624424 1.57347e-12
1074 4.85697e-08 0.624457 1.57358e-12
1075 4.85636e-08 0.624491 1.57369e-12
1076 4.85579e-08 0.624525 1.5738e-12
1077 4.85558e-08 0.624597 1.57396e-12
1078 4.85539e-08 0.624663 1.57407e-12
1079 4.85536e-08 0.624697 1.57418e-12
1080 4.85531e-08 0.624769 1.57433e-12
1081 4.85516e-08 0.624841 1.57448e-12
1082 4.8548e-08 0.624908 1.57459e-12
1083 4.85324e-08 0.625107 1.57493e-12
1084 4.85265e-08 0.625141 1.57504e-12
1085 4.85117e-08 0.625218 1.57525e-12
1086 4.85113e-08 0.625284 1.57536e-12
1087 4.84946e-08 0.6255 1.57581e-12
1088 4.84895e-08 0.625731 1.57644e-12
1089 4.84873e-08 0.625765 1.57655e-12
1090 4.84838e-08 0.625831 1.57666e-12
1091 4.84816e-08 0.625865 1.57677e-12
1092 4.84754e-08 0.625931 1.57688e-12
1093 4.84671e-08 0.625973 1.57703e-12
1094 4.84647e-08 0.62604 1.57714e-12
1095 4.84617e-08 0.626082 1.5773e-12
1096 4.8439e-08 0.626134 1.57741e-12
1097 4.84304e-08 0.626167 1.57752e-12
1098 4.8418e-08 0.626383 1.57798e-12
1099 4.84115e-08 0.626455 1.57813e-12
1100 4.84108e-08 0.626671 1.57858e-12
1101 4.84006e-08 0.626705 1.57869e-12
1102 4.83964e-08 0.626739 1.57881e-12
1103 4.83916e-08 0.62678 1.57896e-12
1104 4.83914e-08 0.626996 1.57941e-12
1105 4.83661e-08 0.627047 1.57962e-12
1106 4.83592e-08 0.627278 1.58025e-12
1107 4.83577e-08 0.627312 1.58036e-12
1108 4.83569e-08 0.627345 1.58047e-12
1109 4.83532e-08 0.627412 1.58058e-12
1110 4.83466e-08 0.627611 1.58091e-12
1111 4.8342e-08 0.627663 1.58102e-12
1112 4.83283e-08 0.627705 1.58118e-12
1113 4.83278e-08 0.627904 1.58151e-12
1114 4.83216e-08 0.627938 1.58162e-12
1115 4.83207e-08 0.627972 1.58173e-12
1116 4.83192e-08 0.628006 1.58184e-12
1117 4.83172e-08 0.628205 1.58218e-12
1118 4.83146e-08 0.628271 1.58229e-12
1119 4.83135e-08 0.628305 1.5824e-12
1120 4.83062e-08 0.628372 1.58251e-12
1121 4.82936e-08 0.628603 1.58313e-12
1122 4.82933e-08 0.628675 1.58329e-12
1123 4.82893e-08 0.628709 1.5834e-12
1124 4.8284e-08 0.628775 1.58351e-12
1125 4.82837e-08 0.628809 1.58362e-12
1126 4.82727e-08 0.628875 1.58373e-12
1127 4.82594e-08 0.629074 1.58406e-12
1128 4.82547e-08 0.629141 1.58417e-12
1129 4.82509e-08 0.629218 1.58438e-12
1130 4.8248e-08 0.629434 1.58484e-12
1131 4.82341e-08 0.6295 1.58495e-12
1132 4.82322e-08 0.629567 1.58506e-12
1133 4.82299e-08 0.6296 1.58517e-12
1134 4.82279e-08 0.629832 1.5858e-12
1135 4.82246e-08 0.630031 1.58613e-12
1136 4.82089e-08 0.630073 1.58628e-12
1137 4.82075e-08 0.630272 1.58661e-12
1138 4.82052e-08 0.630306 1.58672e-12
1139 4.81901e-08 0.63034 1.58684e-12
1140 4.8188e-08 0.630571 1.58746e-12
1141 4.81861e-08 0.630605 1.58757e-12
1142 4.81843e-08 0.630638 1.58768e-12
1143 4.81815e-08 0.630705 1.58779e-12
1144 4.8179e-08 0.630747 1.58795e-12
1145 4.81731e-08 0.63078 1.58806e-12
1146 4.81697e-08 0.630814 1.58817e-12
1147 4.81663e-08 0.631146 1.58872e-12
1148 4.8164e-08 0.631213 1.58883e-12
1149 4.81638e-08 0.631429 1.58929e-12
1150 4.81576e-08 0.631644 1.58975e-12
1151 4.81511e-08 0.631678 1.58986e-12
1152 4.81415e-08 0.631909 1.59048e-12
1153 4.81403e-08 0.632125 1.59094e-12
1154 4.81385e-08 0.632159 1.59105e-12
1155 4.81233e-08 0.632375 1.59151e-12
1156 4.81185e-08 0.632409 1.59162e-12
1157 4.81172e-08 0.632486 1.59183e-12
1158 4.81117e-08 0.632558 1.59198e-12
1159 4.81001e-08 0.632796 1.59283e-12
1160 4.80988e-08 0.632848 1.59294e-12
1161 4.8096e-08 0.632882 1.59306e-12
1162 4.8085e-08 0.633081 1.59339e-12
1163 4.80787e-08 0.633158 1.5936e-12
1164 4.80707e-08 0.633389 1.59422e-12
1165 4.807e-08 0.633431 1.59437e-12
1166 4.80628e-08 0.63363 1.59471e-12
1167 4.80535e-08 0.633702 1.59486e-12
1168 4.80521e-08 0.633753 1.59507e-12
1169 4.80452e-08 0.634138 1.59611e-12
1170 4.80262e-08 0.63421 1.59626e-12
1171 4.8025e-08 0.634426 1.59672e-12
1172 4.80236e-08 0.63446 1.59683e-12
1173 4.80228e-08 0.634526 1.59694e-12
1174 4.80225e-08 0.634598 1.59709e-12
1175 4.80285e-08 0.634836 1.59795e-12
1176 4.80196e-08 0.634908 1.5981e-12
1177 4.80179e-08 0.634985 1.59831e-12
1178 4.80167e-08 0.635019 1.59842e-12
1179 4.80117e-08 0.635235 1.59888e-12
1180 4.79995e-08 0.635451 1.59933e-12
1181 4.803e-08 0.635689 1.60019e-12
1182 4.79967e-08 0.635731 1.60034e-12
1183 4.79945e-08 0.635808 1.60055e-12
1184 4.79823e-08 0.635842 1.60066e-12
1185 4.79817e-08 0.636073 1.60128e-12
1186 4.79579e-08 0.63615 1.60149e-12
