0 8.95923e-08 1.30567 3.3885e-12
1 8.94154e-08 1.30571 3.38861e-12
2 8.92454e-08 1.30574 3.38872e-12
3 8.90754e-08 1.30577 3.38883e-12
4 8.89055e-08 1.30581 3.38894e-12
5 8.87355e-08 1.30584 3.38905e-12
6 8.85655e-08 1.30587 3.38917e-12
7 8.83956e-08 1.30591 3.38928e-12
8 8.82256e-08 1.30594 3.38939e-12
9 8.80622e-08 1.30598 3.3895e-12
10 8.78939e-08 1.30601 3.38961e-12
11 8.77257e-08 1.30604 3.38972e-12
12 8.73931e-08 1.30624 3.39005e-12
13 8.67703e-08 1.30657 3.39061e-12
14 8.67094e-08 1.30691 3.39116e-12
15 8.60495e-08 1.30724 3.39172e-12
16 8.56599e-08 1.30744 3.39205e-12
17 8.54771e-08 1.3075 3.39216e-12
18 8.53118e-08 1.30754 3.39227e-12
19 8.51465e-08 1.30757 3.39238e-12
20 8.50547e-08 1.30777 3.39272e-12
21 8.49417e-08 1.3081 3.39327e-12
22 8.48749e-08 1.30817 3.39338e-12
23 8.47569e-08 1.30837 3.39372e-12
24 8.4722e-08 1.30857 3.39405e-12
25 8.45434e-08 1.3086 3.39416e-12
26 8.4386e-08 1.30864 3.39427e-12
27 8.43719e-08 1.30884 3.3946e-12
28 8.43674e-08 1.30887 3.39472e-12
29 8.42004e-08 1.30894 3.39483e-12
30 8.41572e-08 1.30897 3.39494e-12
31 8.41177e-08 1.309 3.39505e-12
32 8.40427e-08 1.30904 3.39516e-12
33 8.40289e-08 1.30907 3.39527e-12
34 8.39964e-08 1.3091 3.39538e-12
35 8.38574e-08 1.3093 3.39571e-12
36 8.36859e-08 1.30934 3.39583e-12
37 8.36069e-08 1.30937 3.39594e-12
38 8.35769e-08 1.30944 3.39605e-12
39 8.35144e-08 1.30947 3.39616e-12
40 8.34322e-08 1.30951 3.39627e-12
41 8.34126e-08 1.30954 3.39638e-12
42 8.34092e-08 1.30957 3.39649e-12
43 8.34003e-08 1.30961 3.3966e-12
44 8.33429e-08 1.30964 3.39671e-12
45 8.32747e-08 1.30967 3.39682e-12
46 8.3249e-08 1.30971 3.39694e-12
47 8.324e-08 1.30974 3.39705e-12
48 8.32306e-08 1.30978 3.39716e-12
49 8.31714e-08 1.30981 3.39727e-12
50 8.31171e-08 1.31001 3.3976e-12
51 8.30854e-08 1.31004 3.39771e-12
52 8.30708e-08 1.31008 3.39782e-12
53 8.30609e-08 1.31011 3.39793e-12
54 8.29237e-08 1.31014 3.39805e-12
55 8.29218e-08 1.31018 3.39816e-12
56 8.29057e-08 1.31021 3.39827e-12
57 8.29016e-08 1.31025 3.39838e-12
58 8.28913e-08 1.31028 3.39849e-12
59 8.27582e-08 1.31031 3.3986e-12
60 8.27467e-08 1.31051 3.39893e-12
61 8.27324e-08 1.31055 3.39904e-12
62 8.27216e-08 1.31075 3.39938e-12
63 8.27207e-08 1.31078 3.39949e-12
64 8.2699e-08 1.31085 3.3996e-12
65 8.25934e-08 1.31088 3.39971e-12
66 8.25521e-08 1.31091 3.39982e-12
67 8.25477e-08 1.31095 3.39993e-12
68 8.2421e-08 1.31098 3.40004e-12
69 8.23815e-08 1.31101 3.40015e-12
70 8.23791e-08 1.31105 3.40027e-12
71 8.22486e-08 1.31108 3.40038e-12
72 8.22152e-08 1.31112 3.40049e-12
73 8.22061e-08 1.31115 3.4006e-12
74 8.21555e-08 1.31118 3.40071e-12
75 8.20762e-08 1.31122 3.40082e-12
76 8.2049e-08 1.31125 3.40093e-12
77 8.20331e-08 1.31145 3.40126e-12
78 8.19842e-08 1.31148 3.40138e-12
79 8.19038e-08 1.31152 3.40149e-12
80 8.16594e-08 1.31172 3.40182e-12
81 8.15292e-08 1.31192 3.40215e-12
82 8.15259e-08 1.31198 3.40226e-12
83 8.12699e-08 1.31218 3.4026e-12
84 8.11779e-08 1.31238 3.40293e-12
85 8.10119e-08 1.31245 3.40304e-12
86 8.08803e-08 1.31248 3.40315e-12
87 8.0851e-08 1.31268 3.40348e-12
88 8.04907e-08 1.31288 3.40382e-12
89 8.04372e-08 1.31295 3.40393e-12
90 8.03224e-08 1.31301 3.40404e-12
91 8.02896e-08 1.31321 3.40437e-12
92 8.02859e-08 1.31325 3.40448e-12
93 8.01327e-08 1.31345 3.40482e-12
94 8.01267e-08 1.31348 3.40493e-12
95 7.98963e-08 1.31368 3.40526e-12
96 7.98907e-08 1.31375 3.40537e-12
97 7.97371e-08 1.31394 3.4057e-12
98 7.96992e-08 1.31414 3.40604e-12
99 7.9398e-08 1.31434 3.40637e-12
100 7.93097e-08 1.31454 3.4067e-12
101 7.91673e-08 1.31461 3.40681e-12
102 7.90589e-08 1.31481 3.40715e-12
103 7.89256e-08 1.31487 3.40726e-12
104 7.88699e-08 1.31521 3.40781e-12
105 7.87838e-08 1.31541 3.40815e-12
106 7.85279e-08 1.31561 3.40848e-12
107 7.84197e-08 1.31567 3.40859e-12
108 7.84003e-08 1.31571 3.4087e-12
109 7.83476e-08 1.31591 3.40903e-12
110 7.82517e-08 1.3161 3.40937e-12
111 7.81846e-08 1.31614 3.40948e-12
112 7.80837e-08 1.3162 3.40959e-12
113 7.8049e-08 1.3164 3.40992e-12
114 7.80257e-08 1.3166 3.41026e-12
115 7.79642e-08 1.3168 3.41059e-12
116 7.7759e-08 1.317 3.41092e-12
117 7.77437e-08 1.31707 3.41103e-12
118 7.76753e-08 1.3171 3.41114e-12
119 7.7651e-08 1.31714 3.41125e-12
120 7.76376e-08 1.3172 3.41137e-12
121 7.76077e-08 1.31727 3.41148e-12
122 7.75997e-08 1.31734 3.41159e-12
123 7.75185e-08 1.31737 3.4117e-12
124 7.75e-08 1.3174 3.41181e-12
125 7.74941e-08 1.31744 3.41192e-12
126 7.74893e-08 1.31747 3.41203e-12
127 7.74488e-08 1.3175 3.41214e-12
128 7.74446e-08 1.31754 3.41225e-12
129 7.7424e-08 1.31757 3.41236e-12
130 7.74184e-08 1.31761 3.41248e-12
131 7.73616e-08 1.31764 3.41259e-12
132 7.73356e-08 1.31784 3.41292e-12
133 7.73326e-08 1.31817 3.41347e-12
134 7.73245e-08 1.3182 3.41359e-12
135 7.73011e-08 1.31824 3.4137e-12
136 7.72788e-08 1.31827 3.41381e-12
137 7.72766e-08 1.31831 3.41392e-12
138 7.72544e-08 1.31834 3.41403e-12
139 7.72445e-08 1.31841 3.41414e-12
140 7.71653e-08 1.31844 3.41425e-12
141 7.71596e-08 1.31847 3.41436e-12
142 7.71211e-08 1.31851 3.41447e-12
143 7.71089e-08 1.31854 3.41458e-12
144 7.71087e-08 1.31857 3.4147e-12
145 7.70706e-08 1.31861 3.41481e-12
146 7.70618e-08 1.31864 3.41492e-12
147 7.7056e-08 1.31868 3.41503e-12
148 7.6998e-08 1.31871 3.41514e-12
149 7.69474e-08 1.31891 3.41547e-12
150 7.69472e-08 1.31894 3.41558e-12
151 7.69452e-08 1.31898 3.41569e-12
152 7.69407e-08 1.31918 3.41603e-12
153 7.69389e-08 1.31924 3.41614e-12
154 7.69021e-08 1.31928 3.41625e-12
155 7.68967e-08 1.31948 3.41658e-12
156 7.68926e-08 1.31951 3.41669e-12
157 7.68721e-08 1.31971 3.41703e-12
158 7.67971e-08 1.31974 3.41714e-12
159 7.67733e-08 1.31994 3.41747e-12
160 7.67689e-08 1.31998 3.41758e-12
161 7.67228e-08 1.32001 3.41769e-12
162 7.66948e-08 1.32004 3.4178e-12
163 7.6629e-08 1.32008 3.41791e-12
164 7.66076e-08 1.32011 3.41803e-12
165 7.66045e-08 1.32044 3.41858e-12
166 7.65994e-08 1.32048 3.41869e-12
167 7.6599e-08 1.32068 3.41902e-12
168 7.65489e-08 1.32074 3.41914e-12
169 7.65269e-08 1.32078 3.41925e-12
170 7.65245e-08 1.32081 3.41936e-12
171 7.65125e-08 1.32084 3.41947e-12
172 7.6503e-08 1.32104 3.4198e-12
173 7.64834e-08 1.32124 3.42013e-12
174 7.64634e-08 1.32131 3.42025e-12
175 7.64557e-08 1.32151 3.42058e-12
176 7.6375e-08 1.32154 3.42069e-12
177 7.63543e-08 1.32158 3.4208e-12
178 7.62863e-08 1.32161 3.42091e-12
179 7.62824e-08 1.32168 3.42102e-12
180 7.62104e-08 1.32171 3.42113e-12
181 7.6201e-08 1.32191 3.42147e-12
182 7.6184e-08 1.32194 3.42158e-12
183 7.61342e-08 1.32198 3.42169e-12
184 7.6127e-08 1.32218 3.42202e-12
185 7.6123e-08 1.32238 3.42235e-12
186 7.61134e-08 1.32244 3.42247e-12
187 7.61091e-08 1.32251 3.42258e-12
188 7.60271e-08 1.32254 3.42269e-12
189 7.60137e-08 1.32258 3.4228e-12
190 7.60007e-08 1.32261 3.42291e-12
191 7.59784e-08 1.32268 3.42302e-12
192 7.59408e-08 1.32288 3.42335e-12
193 7.59357e-08 1.32307 3.42369e-12
194 7.59199e-08 1.32311 3.4238e-12
195 7.58946e-08 1.32314 3.42391e-12
196 7.58741e-08 1.32334 3.42424e-12
197 7.58726e-08 1.32341 3.42435e-12
198 7.58435e-08 1.32347 3.42446e-12
199 7.5786e-08 1.32351 3.42457e-12
200 7.57624e-08 1.32357 3.42469e-12
201 7.57584e-08 1.32361 3.4248e-12
202 7.57518e-08 1.32381 3.42513e-12
203 7.57246e-08 1.32401 3.42546e-12
204 7.56732e-08 1.32434 3.42602e-12
205 7.564e-08 1.32437 3.42613e-12
206 7.56126e-08 1.32457 3.42646e-12
207 7.55029e-08 1.32464 3.42657e-12
208 7.54781e-08 1.32467 3.42668e-12
209 7.54342e-08 1.32487 3.42702e-12
210 7.53622e-08 1.32507 3.42735e-12
211 7.53327e-08 1.32514 3.42746e-12
212 7.53147e-08 1.32517 3.42757e-12
213 7.52967e-08 1.32537 3.4279e-12
214 7.5253e-08 1.32557 3.42824e-12
215 7.52057e-08 1.3256 3.42835e-12
216 7.51604e-08 1.32564 3.42846e-12
217 7.508e-08 1.32567 3.42857e-12
218 7.50344e-08 1.32571 3.42868e-12
219 7.49944e-08 1.32574 3.42879e-12
220 7.49782e-08 1.32577 3.4289e-12
221 7.49759e-08 1.32584 3.42901e-12
222 7.49699e-08 1.32591 3.42913e-12
223 7.48724e-08 1.3261 3.42946e-12
224 7.48623e-08 1.3263 3.42979e-12
225 7.48439e-08 1.32634 3.4299e-12
226 7.48057e-08 1.32637 3.43001e-12
227 7.4777e-08 1.32657 3.43035e-12
228 7.47341e-08 1.32677 3.43068e-12
229 7.46934e-08 1.32684 3.43079e-12
230 7.46736e-08 1.32704 3.43112e-12
231 7.4651e-08 1.32707 3.43123e-12
232 7.4575e-08 1.32727 3.43157e-12
233 7.45033e-08 1.32747 3.4319e-12
234 7.44975e-08 1.32753 3.43201e-12
235 7.44933e-08 1.3276 3.43212e-12
236 7.44471e-08 1.32767 3.43223e-12
237 7.43496e-08 1.32773 3.43234e-12
238 7.43376e-08 1.32793 3.43268e-12
239 7.42749e-08 1.32797 3.43279e-12
240 7.41804e-08 1.32803 3.4329e-12
241 7.41372e-08 1.32807 3.43301e-12
242 7.40397e-08 1.32827 3.43334e-12
243 7.40386e-08 1.32833 3.43345e-12
244 7.40135e-08 1.3284 3.43357e-12
245 7.39393e-08 1.32843 3.43368e-12
246 7.39065e-08 1.32847 3.43379e-12
247 7.38999e-08 1.3285 3.4339e-12
248 7.38467e-08 1.32853 3.43401e-12
249 7.38239e-08 1.32857 3.43412e-12
250 7.38034e-08 1.32877 3.43445e-12
251 7.37997e-08 1.3288 3.43456e-12
252 7.37638e-08 1.32887 3.43468e-12
253 7.37547e-08 1.3289 3.43479e-12
254 7.37266e-08 1.3291 3.43512e-12
255 7.3725e-08 1.32914 3.43523e-12
256 7.36914e-08 1.3292 3.43534e-12
257 7.36798e-08 1.32924 3.43545e-12
258 7.36268e-08 1.32927 3.43556e-12
259 7.36033e-08 1.3293 3.43567e-12
260 7.35952e-08 1.32934 3.43579e-12
261 7.35734e-08 1.32937 3.4359e-12
262 7.3565e-08 1.3294 3.43601e-12
263 7.35533e-08 1.32944 3.43612e-12
264 7.35461e-08 1.3295 3.43623e-12
265 7.35129e-08 1.3297 3.43656e-12
266 7.34023e-08 1.32974 3.43667e-12
267 7.3399e-08 1.32977 3.43678e-12
268 7.3346e-08 1.32984 3.4369e-12
269 7.32801e-08 1.32987 3.43701e-12
270 7.32656e-08 1.32991 3.43712e-12
271 7.32075e-08 1.3301 3.43745e-12
272 7.31792e-08 1.3303 3.43778e-12
273 7.31731e-08 1.33034 3.43789e-12
274 7.3147e-08 1.33054 3.43823e-12
275 7.31169e-08 1.3306 3.43834e-12
276 7.3108e-08 1.33064 3.43845e-12
277 7.306e-08 1.33067 3.43856e-12
278 7.30394e-08 1.3307 3.43867e-12
279 7.30123e-08 1.3309 3.439e-12
280 7.29902e-08 1.3311 3.43934e-12
281 7.29441e-08 1.3313 3.43967e-12
282 7.29384e-08 1.33137 3.43978e-12
283 7.2938e-08 1.3314 3.43989e-12
284 7.28974e-08 1.33144 3.44e-12
285 7.28863e-08 1.33164 3.44034e-12
286 7.28572e-08 1.3317 3.44045e-12
287 7.27863e-08 1.3319 3.44078e-12
288 7.27151e-08 1.3321 3.44111e-12
289 7.26712e-08 1.33213 3.44122e-12
290 7.26366e-08 1.33217 3.44134e-12
291 7.25489e-08 1.3322 3.44145e-12
292 7.25421e-08 1.33227 3.44156e-12
293 7.24999e-08 1.33247 3.44189e-12
294 7.24881e-08 1.3325 3.442e-12
295 7.24346e-08 1.33257 3.44211e-12
296 7.24233e-08 1.33262 3.44222e-12
297 7.24186e-08 1.33265 3.44233e-12
298 7.23341e-08 1.33269 3.44245e-12
299 7.22728e-08 1.33272 3.44256e-12
300 7.22727e-08 1.33276 3.44267e-12
301 7.22673e-08 1.33279 3.44278e-12
302 7.22634e-08 1.33299 3.44311e-12
303 7.22599e-08 1.33302 3.44322e-12
304 7.22335e-08 1.33309 3.44333e-12
305 7.22246e-08 1.33312 3.44344e-12
306 7.21955e-08 1.33319 3.44356e-12
307 7.21598e-08 1.33322 3.44367e-12
308 7.21545e-08 1.33342 3.444e-12
309 7.21134e-08 1.33349 3.44411e-12
310 7.21013e-08 1.33352 3.44422e-12
311 7.20844e-08 1.33356 3.44433e-12
312 7.2067e-08 1.33362 3.44444e-12
313 7.20143e-08 1.33366 3.44455e-12
314 7.20035e-08 1.33372 3.44467e-12
315 7.19656e-08 1.33376 3.44478e-12
316 7.19442e-08 1.33379 3.44489e-12
317 7.19439e-08 1.33415 3.44565e-12
318 7.19154e-08 1.33435 3.44598e-12
319 7.19103e-08 1.33438 3.44609e-12
320 7.18681e-08 1.33445 3.4462e-12
321 7.17388e-08 1.33448 3.44631e-12
322 7.17232e-08 1.33452 3.44643e-12
323 7.1705e-08 1.33458 3.44654e-12
324 7.16993e-08 1.33478 3.44687e-12
325 7.16015e-08 1.33498 3.4472e-12
326 7.15823e-08 1.33505 3.44731e-12
327 7.15765e-08 1.33541 3.44807e-12
328 7.15446e-08 1.33544 3.44818e-12
329 7.15341e-08 1.33548 3.4483e-12
330 7.15051e-08 1.33551 3.44841e-12
331 7.14879e-08 1.33558 3.44852e-12
332 7.14878e-08 1.33564 3.44863e-12
333 7.14812e-08 1.33571 3.44874e-12
334 7.14142e-08 1.33578 3.44885e-12
335 7.14111e-08 1.33581 3.44896e-12
336 7.13804e-08 1.33602 3.44942e-12
337 7.13216e-08 1.33606 3.44953e-12
338 7.12978e-08 1.33609 3.44964e-12
339 7.12895e-08 1.33613 3.44975e-12
340 7.12388e-08 1.33633 3.45008e-12
341 7.12264e-08 1.33639 3.45019e-12
342 7.12134e-08 1.33643 3.45031e-12
343 7.11502e-08 1.3365 3.45046e-12
344 7.1139e-08 1.3367 3.45079e-12
345 7.10499e-08 1.33691 3.45125e-12
346 7.10376e-08 1.33698 3.45136e-12
347 7.10038e-08 1.33705 3.45147e-12
348 7.09915e-08 1.33708 3.45158e-12
349 7.09897e-08 1.33728 3.45191e-12
350 7.09621e-08 1.33748 3.45225e-12
351 7.09413e-08 1.33769 3.4527e-12
352 7.08999e-08 1.33777 3.45285e-12
353 7.08934e-08 1.33783 3.45297e-12
354 7.08475e-08 1.3379 3.45308e-12
355 7.08357e-08 1.33811 3.45353e-12
356 7.08318e-08 1.33815 3.45364e-12
357 7.0831e-08 1.33821 3.45375e-12
358 7.08171e-08 1.33825 3.45387e-12
359 7.08108e-08 1.33832 3.45398e-12
360 7.07712e-08 1.33838 3.45409e-12
361 7.07644e-08 1.33858 3.45442e-12
362 7.07437e-08 1.3388 3.45488e-12
363 7.07345e-08 1.33883 3.45499e-12
364 7.06941e-08 1.33903 3.45532e-12
365 7.06676e-08 1.33923 3.45565e-12
366 7.06627e-08 1.33926 3.45576e-12
367 7.06609e-08 1.33946 3.4561e-12
368 7.06409e-08 1.3395 3.45621e-12
369 7.06144e-08 1.3397 3.45654e-12
370 7.06019e-08 1.33973 3.45665e-12
371 7.05879e-08 1.33993 3.45699e-12
372 7.05878e-08 1.34013 3.45732e-12
373 7.05832e-08 1.34046 3.45787e-12
374 7.05743e-08 1.34066 3.45821e-12
375 7.05667e-08 1.34069 3.45832e-12
376 7.05227e-08 1.34076 3.45847e-12
377 7.05054e-08 1.34096 3.4588e-12
378 7.04818e-08 1.34116 3.45914e-12
379 7.0468e-08 1.34138 3.45959e-12
380 7.0458e-08 1.34145 3.4597e-12
381 7.04046e-08 1.34151 3.45981e-12
382 7.03977e-08 1.34155 3.45993e-12
383 7.03902e-08 1.34158 3.46004e-12
384 7.03819e-08 1.34165 3.46015e-12
385 7.03671e-08 1.34185 3.46048e-12
386 7.03548e-08 1.34191 3.46063e-12
387 7.02726e-08 1.3421 3.46097e-12
388 7.02397e-08 1.34217 3.46108e-12
389 7.02349e-08 1.34221 3.46123e-12
390 7.02124e-08 1.34225 3.46134e-12
391 7.01664e-08 1.34231 3.46145e-12
392 7.0097e-08 1.34267 3.46221e-12
393 7.00653e-08 1.34271 3.46232e-12
394 7.00494e-08 1.34274 3.46243e-12
395 7.00469e-08 1.34277 3.46254e-12
396 7.00182e-08 1.34284 3.46265e-12
397 6.99336e-08 1.34291 3.46277e-12
398 6.99045e-08 1.34294 3.46288e-12
399 6.98956e-08 1.34297 3.46299e-12
400 6.98893e-08 1.34301 3.4631e-12
401 6.98871e-08 1.34304 3.46321e-12
402 6.98679e-08 1.34311 3.46332e-12
403 6.98525e-08 1.34314 3.46343e-12
404 6.97889e-08 1.34318 3.46354e-12
405 6.97701e-08 1.34339 3.464e-12
406 6.97499e-08 1.34343 3.46411e-12
407 6.9726e-08 1.34363 3.46444e-12
408 6.97112e-08 1.34366 3.46455e-12
409 6.96994e-08 1.34386 3.46489e-12
410 6.96632e-08 1.34406 3.46522e-12
411 6.96293e-08 1.34409 3.46533e-12
412 6.96067e-08 1.34416 3.46548e-12
413 6.95668e-08 1.3442 3.46559e-12
414 6.95563e-08 1.34441 3.46605e-12
415 6.95462e-08 1.34445 3.46616e-12
416 6.95417e-08 1.34478 3.46672e-12
417 6.94433e-08 1.34511 3.46727e-12
418 6.94406e-08 1.34531 3.4676e-12
419 6.94154e-08 1.34551 3.46794e-12
420 6.94017e-08 1.34573 3.46839e-12
421 6.93867e-08 1.34578 3.4685e-12
422 6.9264e-08 1.34581 3.46862e-12
423 6.92488e-08 1.34603 3.46907e-12
424 6.92297e-08 1.34606 3.46918e-12
425 6.92239e-08 1.34609 3.46929e-12
426 6.9217e-08 1.34616 3.4694e-12
427 6.92131e-08 1.34652 3.47016e-12
428 6.92039e-08 1.34672 3.4705e-12
429 6.91819e-08 1.34675 3.47061e-12
430 6.91748e-08 1.34679 3.47072e-12
431 6.91351e-08 1.34699 3.47105e-12
432 6.91348e-08 1.34705 3.47116e-12
433 6.91259e-08 1.34709 3.47127e-12
434 6.90802e-08 1.34713 3.47143e-12
435 6.90731e-08 1.34717 3.47158e-12
436 6.90504e-08 1.34737 3.47191e-12
437 6.90356e-08 1.34757 3.47225e-12
438 6.89909e-08 1.34761 3.4724e-12
439 6.89569e-08 1.34768 3.47261e-12
440 6.89322e-08 1.34775 3.47276e-12
441 6.88897e-08 1.34795 3.47309e-12
442 6.88747e-08 1.34815 3.47342e-12
443 6.88692e-08 1.34818 3.47353e-12
444 6.88502e-08 1.3484 3.47399e-12
445 6.88349e-08 1.34846 3.4741e-12
446 6.88326e-08 1.3485 3.47421e-12
447 6.88234e-08 1.3487 3.47455e-12
448 6.88106e-08 1.34891 3.475e-12
449 6.87932e-08 1.34911 3.47533e-12
450 6.87799e-08 1.34931 3.47567e-12
451 6.87725e-08 1.34951 3.476e-12
452 6.87718e-08 1.34958 3.47611e-12
453 6.87624e-08 1.34961 3.47622e-12
454 6.87367e-08 1.34968 3.47638e-12
455 6.86947e-08 1.34976 3.47653e-12
456 6.86811e-08 1.34982 3.47664e-12
457 6.86373e-08 1.34986 3.47679e-12
458 6.86355e-08 1.34991 3.47694e-12
459 6.86331e-08 1.3501 3.47728e-12
460 6.86246e-08 1.3503 3.47761e-12
461 6.86056e-08 1.35037 3.47772e-12
462 6.85935e-08 1.35044 3.47783e-12
463 6.85923e-08 1.35048 3.47798e-12
464 6.85918e-08 1.35068 3.47832e-12
465 6.85894e-08 1.35071 3.47843e-12
466 6.85751e-08 1.35078 3.47854e-12
467 6.85683e-08 1.35098 3.47887e-12
468 6.85545e-08 1.35104 3.47898e-12
469 6.85497e-08 1.35111 3.47909e-12
470 6.85492e-08 1.35115 3.47924e-12
471 6.85474e-08 1.35135 3.47958e-12
472 6.85117e-08 1.35139 3.47969e-12
473 6.8506e-08 1.3516 3.48014e-12
474 6.85001e-08 1.35164 3.4803e-12
475 6.84844e-08 1.35171 3.48041e-12
476 6.84624e-08 1.35178 3.48052e-12
477 6.84188e-08 1.35182 3.48067e-12
478 6.84143e-08 1.35186 3.48082e-12
479 6.84097e-08 1.35193 3.48093e-12
480 6.83994e-08 1.35213 3.48127e-12
481 6.83804e-08 1.35232 3.4816e-12
482 6.83751e-08 1.35252 3.48193e-12
483 6.8375e-08 1.35257 3.48208e-12
484 6.83529e-08 1.3526 3.4822e-12
485 6.83487e-08 1.35263 3.48231e-12
486 6.83442e-08 1.35283 3.48264e-12
487 6.83315e-08 1.3529 3.48275e-12
488 6.83153e-08 1.35294 3.4829e-12
489 6.82952e-08 1.35297 3.48301e-12
490 6.82891e-08 1.35301 3.48312e-12
491 6.82879e-08 1.35321 3.48346e-12
492 6.82741e-08 1.35325 3.48361e-12
493 6.82604e-08 1.35332 3.48372e-12
494 6.82499e-08 1.35338 3.48383e-12
495 6.82475e-08 1.35345 3.48394e-12
496 6.82443e-08 1.35348 3.48405e-12
497 6.82086e-08 1.35352 3.48421e-12
498 6.82044e-08 1.35356 3.48432e-12
499 6.8204e-08 1.35359 3.48443e-12
500 6.82027e-08 1.35381 3.48488e-12
501 6.82007e-08 1.35387 3.485e-12
502 6.81577e-08 1.35395 3.48515e-12
503 6.80323e-08 1.35416 3.4856e-12
504 6.79847e-08 1.35436 3.48594e-12
505 6.79589e-08 1.3544 3.48609e-12
506 6.79556e-08 1.35444 3.4862e-12
507 6.79417e-08 1.35465 3.48666e-12
508 6.78987e-08 1.35469 3.48681e-12
509 6.78557e-08 1.35474 3.48696e-12
510 6.78171e-08 1.35478 3.48711e-12
511 6.78127e-08 1.35485 3.48722e-12
512 6.77867e-08 1.35489 3.48738e-12
513 6.77697e-08 1.3551 3.48783e-12
514 6.77579e-08 1.35532 3.48829e-12
515 6.77415e-08 1.35553 3.48874e-12
516 6.76681e-08 1.35557 3.48885e-12
517 6.76666e-08 1.3556 3.48897e-12
518 6.76489e-08 1.3558 3.4893e-12
519 6.76436e-08 1.356 3.48963e-12
520 6.76387e-08 1.35607 3.48974e-12
521 6.7638e-08 1.35628 3.4902e-12
522 6.76277e-08 1.35635 3.49031e-12
523 6.75719e-08 1.35638 3.49042e-12
524 6.75602e-08 1.35642 3.49053e-12
525 6.75504e-08 1.35663 3.49099e-12
526 6.755e-08 1.35667 3.4911e-12
527 6.75292e-08 1.35688 3.49156e-12
528 6.7513e-08 1.35708 3.49189e-12
529 6.75117e-08 1.35728 3.49222e-12
530 6.7485e-08 1.35748 3.49255e-12
531 6.74844e-08 1.35755 3.49271e-12
532 6.74768e-08 1.35759 3.49282e-12
533 6.74613e-08 1.35779 3.49315e-12
534 6.74436e-08 1.35782 3.49326e-12
535 6.7441e-08 1.35815 3.49382e-12
536 6.74126e-08 1.35818 3.49393e-12
537 6.74062e-08 1.35822 3.49404e-12
538 6.74022e-08 1.35825 3.49415e-12
539 6.7398e-08 1.35829 3.49426e-12
540 6.73626e-08 1.35836 3.49441e-12
541 6.7356e-08 1.35857 3.49487e-12
542 6.73523e-08 1.35893 3.49563e-12
543 6.73478e-08 1.35915 3.49609e-12
544 6.73442e-08 1.35937 3.49654e-12
545 6.73383e-08 1.35944 3.49669e-12
546 6.73171e-08 1.3595 3.4968e-12
547 6.73068e-08 1.35954 3.49692e-12
548 6.72949e-08 1.35974 3.49725e-12
549 6.72923e-08 1.3598 3.49736e-12
550 6.72459e-08 1.35984 3.49751e-12
551 6.72092e-08 1.35989 3.49766e-12
552 6.72057e-08 1.35995 3.49777e-12
553 6.72005e-08 1.36015 3.49811e-12
554 6.71995e-08 1.36022 3.49822e-12
555 6.71676e-08 1.36043 3.49867e-12
556 6.71649e-08 1.36063 3.49901e-12
557 6.71647e-08 1.36085 3.49946e-12
558 6.71293e-08 1.36121 3.50022e-12
559 6.71235e-08 1.36141 3.50056e-12
560 6.71221e-08 1.36161 3.50089e-12
561 6.71075e-08 1.36181 3.50122e-12
562 6.70727e-08 1.36184 3.50133e-12
563 6.70726e-08 1.36204 3.50167e-12
564 6.70659e-08 1.36211 3.50178e-12
565 6.70442e-08 1.36247 3.50254e-12
566 6.70116e-08 1.3625 3.50265e-12
567 6.69672e-08 1.36257 3.50276e-12
568 6.69644e-08 1.36264 3.50291e-12
569 6.69499e-08 1.36284 3.50325e-12
570 6.69238e-08 1.3629 3.50336e-12
571 6.69223e-08 1.36312 3.50381e-12
572 6.68911e-08 1.36315 3.50392e-12
573 6.68909e-08 1.36335 3.50426e-12
574 6.68771e-08 1.3634 3.50441e-12
575 6.68738e-08 1.36361 3.50487e-12
576 6.68693e-08 1.36368 3.50498e-12
577 6.68637e-08 1.36372 3.50513e-12
578 6.68443e-08 1.36375 3.50524e-12
579 6.68257e-08 1.3638 3.50539e-12
580 6.68251e-08 1.36383 3.5055e-12
581 6.67978e-08 1.36387 3.50565e-12
582 6.67858e-08 1.36409 3.50611e-12
583 6.67808e-08 1.36429 3.50644e-12
584 6.67724e-08 1.36433 3.5066e-12
585 6.67557e-08 1.36453 3.50693e-12
586 6.67536e-08 1.36456 3.50704e-12
587 6.67398e-08 1.36459 3.50715e-12
588 6.67383e-08 1.36463 3.50726e-12
589 6.67366e-08 1.36483 3.50759e-12
590 6.67339e-08 1.3649 3.50775e-12
591 6.67326e-08 1.36497 3.50786e-12
592 6.67006e-08 1.36517 3.50819e-12
593 6.66916e-08 1.3652 3.5083e-12
594 6.66795e-08 1.36523 3.50841e-12
595 6.66674e-08 1.3653 3.50857e-12
596 6.66657e-08 1.36534 3.50868e-12
597 6.66554e-08 1.36555 3.50913e-12
598 6.66029e-08 1.36562 3.50924e-12
599 6.66001e-08 1.36565 3.50935e-12
600 6.65949e-08 1.36569 3.50947e-12
601 6.65913e-08 1.36575 3.50962e-12
602 6.65871e-08 1.36581 3.50973e-12
603 6.65835e-08 1.36585 3.50984e-12
604 6.65708e-08 1.36588 3.50995e-12
605 6.65548e-08 1.36595 3.5101e-12
606 6.65378e-08 1.36602 3.51021e-12
607 6.65368e-08 1.36605 3.51032e-12
608 6.65233e-08 1.36609 3.51044e-12
609 6.65171e-08 1.36629 3.51077e-12
610 6.64922e-08 1.36636 3.51092e-12
611 6.64879e-08 1.36639 3.51103e-12
612 6.6478e-08 1.36644 3.51118e-12
613 6.64652e-08 1.36647 3.51129e-12
614 6.64489e-08 1.36651 3.51145e-12
615 6.64459e-08 1.36655 3.5116e-12
616 6.6436e-08 1.36662 3.51171e-12
617 6.64265e-08 1.36669 3.51182e-12
618 6.64186e-08 1.36672 3.51193e-12
619 6.64049e-08 1.36675 3.51204e-12
620 6.63917e-08 1.3668 3.51219e-12
621 6.63916e-08 1.36683 3.51231e-12
622 6.63727e-08 1.36704 3.51276e-12
623 6.63664e-08 1.36708 3.51287e-12
624 6.63609e-08 1.36728 3.51321e-12
625 6.6354e-08 1.36735 3.51336e-12
626 6.6343e-08 1.36755 3.51369e-12
627 6.63285e-08 1.36762 3.5138e-12
628 6.63235e-08 1.36765 3.51391e-12
629 6.63204e-08 1.36787 3.51437e-12
630 6.632e-08 1.3679 3.51448e-12
631 6.63097e-08 1.3681 3.51481e-12
632 6.6287e-08 1.36815 3.51492e-12
633 6.62785e-08 1.36818 3.51504e-12
634 6.62529e-08 1.36825 3.51515e-12
635 6.62345e-08 1.36828 3.51526e-12
636 6.62289e-08 1.36832 3.51537e-12
637 6.62228e-08 1.36838 3.51548e-12
638 6.62211e-08 1.3686 3.51594e-12
639 6.62135e-08 1.3688 3.51627e-12
640 6.61995e-08 1.36883 3.51638e-12
641 6.617e-08 1.36905 3.51684e-12
642 6.61546e-08 1.36925 3.51717e-12
643 6.61429e-08 1.36928 3.51728e-12
644 6.6141e-08 1.36932 3.51739e-12
645 6.61307e-08 1.36935 3.5175e-12
646 6.61305e-08 1.36938 3.51761e-12
647 6.61289e-08 1.36958 3.51795e-12
648 6.61072e-08 1.36962 3.5181e-12
649 6.60886e-08 1.36969 3.51821e-12
650 6.60816e-08 1.36976 3.51832e-12
651 6.60793e-08 1.36983 3.51847e-12
652 6.60458e-08 1.36986 3.51858e-12
653 6.60439e-08 1.3699 3.51869e-12
654 6.60398e-08 1.36993 3.5188e-12
655 6.60153e-08 1.37 3.51896e-12
656 6.60074e-08 1.37004 3.51907e-12
657 6.60045e-08 1.37025 3.51952e-12
658 6.60023e-08 1.37045 3.51986e-12
659 6.59855e-08 1.37067 3.52031e-12
660 6.59748e-08 1.37087 3.52065e-12
661 6.59731e-08 1.37107 3.52098e-12
662 6.59703e-08 1.3711 3.52109e-12
663 6.59633e-08 1.37113 3.5212e-12
664 6.59421e-08 1.37117 3.52131e-12
665 6.5914e-08 1.37137 3.52165e-12
666 6.59006e-08 1.37158 3.5221e-12
667 6.58973e-08 1.37162 3.52221e-12
668 6.58879e-08 1.37166 3.52236e-12
669 6.58751e-08 1.37169 3.52248e-12
670 6.58694e-08 1.37173 3.52259e-12
671 6.58525e-08 1.37177 3.52274e-12
672 6.58258e-08 1.37181 3.52289e-12
673 6.58234e-08 1.37188 3.52304e-12
674 6.58226e-08 1.3721 3.5235e-12
675 6.5822e-08 1.37216 3.52361e-12
676 6.58215e-08 1.3722 3.52372e-12
677 6.58174e-08 1.37224 3.52387e-12
678 6.58078e-08 1.37227 3.52398e-12
679 6.58033e-08 1.37231 3.52414e-12
680 6.5803e-08 1.37235 3.52425e-12
681 6.58025e-08 1.37238 3.52436e-12
682 6.57941e-08 1.37242 3.52451e-12
683 6.57859e-08 1.37246 3.52462e-12
684 6.57799e-08 1.37266 3.52495e-12
685 6.57752e-08 1.37287 3.52541e-12
686 6.57722e-08 1.37292 3.52556e-12
687 6.5763e-08 1.37295 3.52567e-12
688 6.57575e-08 1.37299 3.52583e-12
689 6.5748e-08 1.37303 3.52598e-12
690 6.57463e-08 1.37307 3.52609e-12
691 6.5742e-08 1.3731 3.5262e-12
692 6.57378e-08 1.37313 3.52631e-12
693 6.57301e-08 1.37317 3.52642e-12
694 6.5729e-08 1.37338 3.52688e-12
695 6.57182e-08 1.37343 3.52703e-12
696 6.56862e-08 1.37364 3.52749e-12
697 6.56776e-08 1.37371 3.52764e-12
698 6.56708e-08 1.37391 3.52797e-12
699 6.56586e-08 1.37395 3.52808e-12
700 6.56398e-08 1.37398 3.52819e-12
701 6.56394e-08 1.3742 3.52865e-12
702 6.56356e-08 1.37427 3.5288e-12
703 6.56335e-08 1.3743 3.52891e-12
704 6.56249e-08 1.37434 3.52902e-12
705 6.56222e-08 1.37437 3.52913e-12
706 6.56022e-08 1.37457 3.52947e-12
707 6.56009e-08 1.37477 3.5298e-12
708 6.5595e-08 1.3748 3.52991e-12
709 6.55833e-08 1.37484 3.53002e-12
710 6.55592e-08 1.37519 3.53078e-12
711 6.55456e-08 1.37524 3.53093e-12
712 6.55151e-08 1.3753 3.53105e-12
713 6.5511e-08 1.37535 3.5312e-12
714 6.54951e-08 1.37541 3.53131e-12
715 6.5471e-08 1.37561 3.53164e-12
716 6.54683e-08 1.37568 3.53179e-12
717 6.54637e-08 1.37572 3.5319e-12
718 6.54624e-08 1.37592 3.53224e-12
719 6.54557e-08 1.37612 3.53257e-12
720 6.54151e-08 1.37631 3.5329e-12
721 6.54099e-08 1.37638 3.53301e-12
722 6.54001e-08 1.37645 3.53313e-12
723 6.53973e-08 1.37649 3.53328e-12
724 6.53934e-08 1.37652 3.53339e-12
725 6.53871e-08 1.37691 3.53443e-12
726 6.53743e-08 1.37697 3.53454e-12
727 6.53513e-08 1.37704 3.53465e-12
728 6.53321e-08 1.37726 3.53511e-12
729 6.53279e-08 1.37732 3.53522e-12
730 6.53267e-08 1.37752 3.53555e-12
731 6.52982e-08 1.37774 3.53601e-12
732 6.52447e-08 1.3778 3.53612e-12
733 6.52094e-08 1.37784 3.53623e-12
734 6.51828e-08 1.37791 3.53638e-12
735 6.51785e-08 1.37798 3.53667e-12
736 6.51725e-08 1.37805 3.53682e-12
737 6.51699e-08 1.37812 3.53693e-12
738 6.51314e-08 1.37819 3.53704e-12
739 6.51142e-08 1.37823 3.53719e-12
740 6.50956e-08 1.37826 3.53731e-12
741 6.50944e-08 1.37833 3.53742e-12
742 6.50943e-08 1.37837 3.53757e-12
743 6.50901e-08 1.37859 3.53803e-12
744 6.50774e-08 1.37878 3.53836e-12
745 6.5065e-08 1.37898 3.53869e-12
746 6.50549e-08 1.37918 3.53902e-12
747 6.50262e-08 1.37923 3.53918e-12
748 6.50187e-08 1.37928 3.53938e-12
749 6.50088e-08 1.37931 3.5395e-12
750 6.50088e-08 1.37938 3.53961e-12
751 6.50008e-08 1.37941 3.53972e-12
752 6.50005e-08 1.37961 3.54005e-12
753 6.50478e-08 1.37984 3.54068e-12
754 6.50139e-08 1.37991 3.54083e-12
755 6.5002e-08 1.38011 3.54116e-12
756 6.49863e-08 1.38033 3.54162e-12
757 6.49831e-08 1.38037 3.54177e-12
758 6.49587e-08 1.38044 3.54188e-12
759 6.49435e-08 1.38047 3.54199e-12
760 6.4924e-08 1.38051 3.54214e-12
761 6.4913e-08 1.38058 3.54229e-12
762 6.49006e-08 1.38065 3.54241e-12
763 6.48974e-08 1.38069 3.54256e-12
764 6.4896e-08 1.38092 3.54318e-12
765 6.48942e-08 1.38099 3.54334e-12
766 6.48854e-08 1.38104 3.54349e-12
767 6.48776e-08 1.38125 3.54394e-12
768 6.48679e-08 1.38145 3.54428e-12
769 6.48628e-08 1.38165 3.54461e-12
770 6.48623e-08 1.38204 3.54565e-12
771 6.48619e-08 1.38207 3.54576e-12
772 6.48512e-08 1.38214 3.54591e-12
773 6.48464e-08 1.38221 3.54603e-12
774 6.48429e-08 1.38242 3.54648e-12
775 6.48349e-08 1.38264 3.54694e-12
776 6.48275e-08 1.38267 3.54705e-12
777 6.48212e-08 1.38287 3.54738e-12
778 6.48208e-08 1.38309 3.54784e-12
779 6.48135e-08 1.38313 3.54799e-12
780 6.47935e-08 1.38335 3.54845e-12
781 6.47893e-08 1.38338 3.54856e-12
782 6.47819e-08 1.38341 3.54867e-12
783 6.47504e-08 1.38349 3.54882e-12
784 6.47468e-08 1.38356 3.54897e-12
785 6.47598e-08 1.38363 3.54912e-12
786 6.47445e-08 1.38385 3.54958e-12
787 6.47419e-08 1.38408 3.55021e-12
788 6.47033e-08 1.38428 3.55054e-12
789 6.46982e-08 1.38432 3.55069e-12
790 6.46761e-08 1.38439 3.55084e-12
791 6.46679e-08 1.38446 3.55105e-12
792 6.46713e-08 1.38453 3.55126e-12
793 6.46706e-08 1.3846 3.55141e-12
794 6.46615e-08 1.38494 3.55197e-12
795 6.46582e-08 1.38497 3.55208e-12
796 6.46531e-08 1.38501 3.55223e-12
797 6.46353e-08 1.38524 3.55285e-12
798 6.46328e-08 1.38529 3.55301e-12
799 6.4631e-08 1.38532 3.55312e-12
800 6.46302e-08 1.38539 3.55327e-12
801 6.46243e-08 1.38543 3.55338e-12
802 6.462e-08 1.38562 3.55371e-12
803 6.46044e-08 1.38566 3.55382e-12
804 6.45825e-08 1.38589 3.55445e-12
805 6.45751e-08 1.38592 3.55456e-12
806 6.4573e-08 1.38596 3.55467e-12
807 6.45698e-08 1.38616 3.555e-12
808 6.45613e-08 1.38619 3.55512e-12
809 6.45523e-08 1.38626 3.55523e-12
810 6.45521e-08 1.38646 3.55556e-12
811 6.45293e-08 1.3865 3.55571e-12
812 6.45278e-08 1.38656 3.55582e-12
813 6.45246e-08 1.38664 3.55597e-12
814 6.45082e-08 1.38667 3.55609e-12
815 6.45013e-08 1.38671 3.55624e-12
816 6.44948e-08 1.38679 3.55645e-12
817 6.44912e-08 1.38682 3.55656e-12
818 6.44911e-08 1.38704 3.55701e-12
819 6.44851e-08 1.38724 3.55735e-12
820 6.44841e-08 1.38728 3.5575e-12
821 6.44718e-08 1.38735 3.55761e-12
822 6.4465e-08 1.38773 3.55865e-12
823 6.44326e-08 1.38777 3.5588e-12
824 6.44218e-08 1.38781 3.55891e-12
825 6.44141e-08 1.38785 3.55907e-12
826 6.44119e-08 1.38788 3.55918e-12
827 6.44043e-08 1.38792 3.55929e-12
828 6.43786e-08 1.38798 3.5594e-12
829 6.43636e-08 1.38802 3.55955e-12
830 6.43615e-08 1.38822 3.55988e-12
831 6.43583e-08 1.3883 3.56004e-12
832 6.43353e-08 1.3885 3.56037e-12
833 6.43053e-08 1.38854 3.56052e-12
834 6.42921e-08 1.38877 3.56115e-12
835 6.42641e-08 1.38881 3.5613e-12
836 6.42489e-08 1.38901 3.56163e-12
837 6.42428e-08 1.38905 3.56178e-12
838 6.42419e-08 1.38928 3.56241e-12
839 6.42348e-08 1.38932 3.56252e-12
840 6.42223e-08 1.38952 3.56285e-12
841 6.42183e-08 1.38958 3.56296e-12
842 6.42056e-08 1.38965 3.56307e-12
843 6.41841e-08 1.38969 3.56323e-12
844 6.41805e-08 1.38972 3.56334e-12
845 6.41803e-08 1.38976 3.56345e-12
846 6.41597e-08 1.38983 3.56366e-12
847 6.41579e-08 1.39007 3.56428e-12
848 6.41418e-08 1.3901 3.56439e-12
849 6.41301e-08 1.39032 3.56485e-12
850 6.41289e-08 1.39051 3.56518e-12
851 6.41162e-08 1.39056 3.56533e-12
852 6.41047e-08 1.39063 3.56549e-12
853 6.41026e-08 1.39083 3.56582e-12
854 6.4097e-08 1.39106 3.56644e-12
855 6.40818e-08 1.39109 3.56656e-12
856 6.40744e-08 1.39116 3.56671e-12
857 6.40538e-08 1.3912 3.56682e-12
858 6.41131e-08 1.39143 3.56744e-12
859 6.40613e-08 1.39151 3.56765e-12
860 6.40525e-08 1.39174 3.56828e-12
861 6.40491e-08 1.39178 3.56843e-12
862 6.40444e-08 1.39181 3.56854e-12
863 6.40421e-08 1.39201 3.56887e-12
864 6.40304e-08 1.39208 3.56898e-12
865 6.4028e-08 1.3923 3.56944e-12
866 6.40174e-08 1.39249 3.56977e-12
867 6.40167e-08 1.39269 3.57011e-12
868 6.40128e-08 1.39291 3.57056e-12
869 6.40108e-08 1.39298 3.57071e-12
870 6.41019e-08 1.39338 3.57214e-12
871 6.39931e-08 1.39345 3.57229e-12
872 6.39919e-08 1.39348 3.5724e-12
873 6.39723e-08 1.39352 3.57252e-12
874 6.39426e-08 1.39373 3.57297e-12
875 6.39882e-08 1.39397 3.5736e-12
876 6.39407e-08 1.39404 3.57375e-12
877 6.39203e-08 1.39424 3.57408e-12
878 6.39135e-08 1.39431 3.57423e-12
879 6.3875e-08 1.39434 3.57434e-12
880 6.38645e-08 1.39442 3.57455e-12
881 6.38582e-08 1.39465 3.57518e-12
882 6.38537e-08 1.39472 3.57533e-12
883 6.38521e-08 1.39476 3.57548e-12
884 6.38443e-08 1.3948 3.57559e-12
885 6.38307e-08 1.39487 3.5758e-12
886 6.38239e-08 1.39507 3.57613e-12
887 6.38238e-08 1.39513 3.57625e-12
888 6.38236e-08 1.39533 3.57658e-12
889 6.38227e-08 1.3954 3.57673e-12
890 6.4032e-08 1.39564 3.57759e-12
891 6.3896e-08 1.39571 3.5778e-12
892 6.38462e-08 1.39578 3.57795e-12
893 6.38365e-08 1.396 3.5784e-12
894 6.38353e-08 1.3962 3.57874e-12
895 6.3827e-08 1.3964 3.57907e-12
896 6.38037e-08 1.39647 3.57922e-12
897 6.3796e-08 1.39651 3.57937e-12
898 6.37946e-08 1.39675 3.58023e-12
899 6.37932e-08 1.39697 3.58069e-12
900 6.3789e-08 1.39718 3.58114e-12
901 6.37694e-08 1.39725 3.58125e-12
902 6.37507e-08 1.39749 3.58211e-12
903 6.37427e-08 1.39769 3.58244e-12
904 6.37751e-08 1.39808 3.58387e-12
905 6.37066e-08 1.39812 3.58398e-12
906 6.37052e-08 1.3982 3.58419e-12
907 6.37028e-08 1.39826 3.5843e-12
908 6.3702e-08 1.3985 3.58516e-12
909 6.36761e-08 1.39857 3.58531e-12
910 6.36759e-08 1.39865 3.58552e-12
911 6.36735e-08 1.39885 3.58585e-12
912 6.36727e-08 1.39888 3.58596e-12
913 6.36711e-08 1.39896 3.58617e-12
914 6.36679e-08 1.39919 3.58679e-12
915 6.36676e-08 1.39958 3.58784e-12
916 6.3667e-08 1.39965 3.58799e-12
917 6.36636e-08 1.39988 3.58861e-12
918 6.36514e-08 1.39995 3.58877e-12
919 6.36485e-08 1.40019 3.58962e-12
920 6.36448e-08 1.4004 3.59008e-12
