0 1.01023e-07 1.44458 3.7329e-12
1 1.00845e-07 1.44461 3.73301e-12
2 1.00673e-07 1.44465 3.73312e-12
3 1.00502e-07 1.44468 3.73323e-12
4 1.00331e-07 1.44471 3.73334e-12
5 1.00159e-07 1.44475 3.73345e-12
6 9.99879e-08 1.44478 3.73357e-12
7 9.98166e-08 1.44482 3.73368e-12
8 9.96452e-08 1.44485 3.73379e-12
9 9.94739e-08 1.44488 3.7339e-12
10 9.93026e-08 1.44492 3.73401e-12
11 9.91312e-08 1.44495 3.73412e-12
12 9.89599e-08 1.44498 3.73423e-12
13 9.88188e-08 1.44502 3.73434e-12
14 9.87885e-08 1.44505 3.73445e-12
15 9.8637e-08 1.44509 3.73456e-12
16 9.86172e-08 1.44512 3.73468e-12
17 9.84626e-08 1.44515 3.73479e-12
18 9.84459e-08 1.44519 3.7349e-12
19 9.83126e-08 1.44525 3.73501e-12
20 9.82882e-08 1.44529 3.73512e-12
21 9.82682e-08 1.44532 3.73523e-12
22 9.81387e-08 1.44535 3.73534e-12
23 9.81139e-08 1.44539 3.73545e-12
24 9.80433e-08 1.44542 3.73556e-12
25 9.79648e-08 1.44546 3.73567e-12
26 9.79395e-08 1.44549 3.73579e-12
27 9.78636e-08 1.44552 3.7359e-12
28 9.77909e-08 1.44556 3.73601e-12
29 9.77652e-08 1.44559 3.73612e-12
30 9.76912e-08 1.44562 3.73623e-12
31 9.7617e-08 1.44566 3.73634e-12
32 9.75908e-08 1.44569 3.73645e-12
33 9.75188e-08 1.44573 3.73656e-12
34 9.74431e-08 1.44576 3.73667e-12
35 9.74164e-08 1.44579 3.73678e-12
36 9.73464e-08 1.44583 3.7369e-12
37 9.72692e-08 1.44586 3.73701e-12
38 9.72421e-08 1.44589 3.73712e-12
39 9.7174e-08 1.44593 3.73723e-12
40 9.70953e-08 1.44596 3.73734e-12
41 9.70677e-08 1.446 3.73745e-12
42 9.70016e-08 1.44603 3.73756e-12
43 9.69213e-08 1.44606 3.73767e-12
44 9.68934e-08 1.4461 3.73778e-12
45 9.68292e-08 1.44613 3.73789e-12
46 9.67474e-08 1.44617 3.73801e-12
47 9.6719e-08 1.4462 3.73812e-12
48 9.66568e-08 1.44623 3.73823e-12
49 9.65735e-08 1.44627 3.73834e-12
50 9.65446e-08 1.4463 3.73845e-12
51 9.6412e-08 1.44637 3.73856e-12
52 9.62382e-08 1.4464 3.73867e-12
53 9.595e-08 1.4466 3.739e-12
54 9.57869e-08 1.44663 3.73912e-12
55 9.57746e-08 1.44667 3.73923e-12
56 9.56437e-08 1.44673 3.73934e-12
57 9.56295e-08 1.44677 3.73945e-12
58 9.54704e-08 1.4468 3.73956e-12
59 9.54088e-08 1.44684 3.73967e-12
60 9.52971e-08 1.44687 3.73978e-12
61 9.52349e-08 1.4469 3.73989e-12
62 9.51238e-08 1.44694 3.74e-12
63 9.50609e-08 1.44697 3.74011e-12
64 9.49505e-08 1.447 3.74023e-12
65 9.4887e-08 1.44704 3.74034e-12
66 9.47772e-08 1.44707 3.74045e-12
67 9.47131e-08 1.44711 3.74056e-12
68 9.46039e-08 1.44714 3.74067e-12
69 9.45392e-08 1.44734 3.741e-12
70 9.43653e-08 1.44737 3.74111e-12
71 9.41914e-08 1.44741 3.74122e-12
72 9.41336e-08 1.44744 3.74134e-12
73 9.41315e-08 1.44751 3.74145e-12
74 9.40773e-08 1.44771 3.74178e-12
75 9.40175e-08 1.44774 3.74189e-12
76 9.39049e-08 1.44777 3.742e-12
77 9.38436e-08 1.44781 3.74211e-12
78 9.3748e-08 1.44784 3.74222e-12
79 9.36697e-08 1.44804 3.74256e-12
80 9.36211e-08 1.44807 3.74267e-12
81 9.34957e-08 1.44811 3.74278e-12
82 9.34482e-08 1.44814 3.74289e-12
83 9.33693e-08 1.44818 3.743e-12
84 9.33218e-08 1.44824 3.74311e-12
85 9.32754e-08 1.44828 3.74322e-12
86 9.31871e-08 1.44831 3.74333e-12
87 9.31479e-08 1.44834 3.74344e-12
88 9.31025e-08 1.44838 3.74356e-12
89 9.30219e-08 1.44841 3.74367e-12
90 9.2974e-08 1.44844 3.74378e-12
91 9.29297e-08 1.44864 3.74411e-12
92 9.28568e-08 1.44868 3.74422e-12
93 9.27957e-08 1.44871 3.74433e-12
94 9.27568e-08 1.44904 3.74489e-12
95 9.26916e-08 1.44908 3.745e-12
96 9.25839e-08 1.44911 3.74511e-12
97 9.25264e-08 1.44914 3.74522e-12
98 9.25109e-08 1.44948 3.74578e-12
99 9.23385e-08 1.44951 3.74589e-12
100 9.21661e-08 1.44954 3.746e-12
101 9.21121e-08 1.44958 3.74611e-12
102 9.19937e-08 1.44978 3.74644e-12
103 9.19289e-08 1.44998 3.74677e-12
104 9.17836e-08 1.45001 3.74689e-12
105 9.17286e-08 1.45008 3.747e-12
106 9.16057e-08 1.45014 3.74711e-12
107 9.16042e-08 1.45021 3.74722e-12
108 9.15743e-08 1.45041 3.74755e-12
109 9.15243e-08 1.45061 3.74788e-12
110 9.14921e-08 1.45064 3.748e-12
111 9.14607e-08 1.45068 3.74811e-12
112 9.13535e-08 1.45088 3.74844e-12
113 9.13232e-08 1.45091 3.74855e-12
114 9.12146e-08 1.45094 3.74866e-12
115 9.11826e-08 1.45114 3.74899e-12
116 9.11543e-08 1.45118 3.74911e-12
117 9.10711e-08 1.45121 3.74922e-12
118 9.10117e-08 1.45128 3.74933e-12
119 9.09854e-08 1.45131 3.74944e-12
120 9.09367e-08 1.45134 3.74955e-12
121 9.08408e-08 1.45154 3.74988e-12
122 9.08251e-08 1.45158 3.74999e-12
123 9.08165e-08 1.45164 3.7501e-12
124 9.06699e-08 1.45168 3.75022e-12
125 9.06476e-08 1.45171 3.75033e-12
126 9.06327e-08 1.45174 3.75044e-12
127 9.05903e-08 1.45178 3.75055e-12
128 9.05525e-08 1.45198 3.75088e-12
129 9.04991e-08 1.45218 3.75121e-12
130 9.04787e-08 1.45221 3.75133e-12
131 9.04751e-08 1.45224 3.75144e-12
132 9.03282e-08 1.45244 3.75177e-12
133 9.03098e-08 1.45248 3.75188e-12
134 9.02007e-08 1.45251 3.75199e-12
135 9.01826e-08 1.45258 3.7521e-12
136 9.01659e-08 1.45261 3.75221e-12
137 9.01573e-08 1.45281 3.75255e-12
138 9.00889e-08 1.45284 3.75266e-12
139 9.00728e-08 1.45291 3.75277e-12
140 8.99864e-08 1.45295 3.75288e-12
141 8.99139e-08 1.45298 3.75299e-12
142 8.99002e-08 1.45301 3.7531e-12
143 8.98809e-08 1.45305 3.75321e-12
144 8.98155e-08 1.45308 3.75332e-12
145 8.98119e-08 1.45311 3.75343e-12
146 8.97506e-08 1.45318 3.75355e-12
147 8.97277e-08 1.45321 3.75366e-12
148 8.96484e-08 1.45325 3.75377e-12
149 8.96446e-08 1.45328 3.75388e-12
150 8.95873e-08 1.45348 3.75421e-12
151 8.95551e-08 1.45351 3.75432e-12
152 8.94881e-08 1.45355 3.75443e-12
153 8.93826e-08 1.45375 3.75477e-12
154 8.92639e-08 1.45378 3.75488e-12
155 8.921e-08 1.45398 3.75521e-12
156 8.91525e-08 1.45401 3.75532e-12
157 8.90884e-08 1.45421 3.75565e-12
158 8.90375e-08 1.45441 3.75599e-12
159 8.88859e-08 1.45461 3.75632e-12
160 8.88198e-08 1.45494 3.75688e-12
161 8.87138e-08 1.45501 3.75699e-12
162 8.8661e-08 1.45508 3.7571e-12
163 8.86547e-08 1.45528 3.75743e-12
164 8.86519e-08 1.45548 3.75776e-12
165 8.86227e-08 1.45551 3.75787e-12
166 8.85896e-08 1.45584 3.75843e-12
167 8.85213e-08 1.45604 3.75876e-12
168 8.84492e-08 1.45608 3.75887e-12
169 8.83469e-08 1.45611 3.75898e-12
170 8.83248e-08 1.45614 3.7591e-12
171 8.82973e-08 1.45621 3.75921e-12
172 8.82752e-08 1.45624 3.75932e-12
173 8.82739e-08 1.45628 3.75943e-12
174 8.82281e-08 1.45634 3.75954e-12
175 8.81726e-08 1.45641 3.75965e-12
176 8.81715e-08 1.45644 3.75976e-12
177 8.81498e-08 1.45648 3.75987e-12
178 8.81425e-08 1.45654 3.75998e-12
179 8.81011e-08 1.45661 3.76009e-12
180 8.80778e-08 1.45664 3.76021e-12
181 8.80344e-08 1.45671 3.76032e-12
182 8.8014e-08 1.45674 3.76043e-12
183 8.79982e-08 1.45694 3.76076e-12
184 8.79636e-08 1.45698 3.76087e-12
185 8.7927e-08 1.45701 3.76098e-12
186 8.7865e-08 1.45705 3.76109e-12
187 8.78238e-08 1.45708 3.7612e-12
188 8.77945e-08 1.45711 3.76132e-12
189 8.7753e-08 1.45715 3.76143e-12
190 8.76957e-08 1.45718 3.76154e-12
191 8.76738e-08 1.45721 3.76165e-12
192 8.76583e-08 1.45728 3.76176e-12
193 8.76495e-08 1.45731 3.76187e-12
194 8.76255e-08 1.45735 3.76198e-12
195 8.75789e-08 1.45738 3.76209e-12
196 8.75263e-08 1.45742 3.7622e-12
197 8.7515e-08 1.45745 3.76231e-12
198 8.74861e-08 1.45748 3.76243e-12
199 8.74751e-08 1.45752 3.76254e-12
200 8.74564e-08 1.45755 3.76265e-12
201 8.74048e-08 1.45758 3.76276e-12
202 8.7357e-08 1.45762 3.76287e-12
203 8.73561e-08 1.45765 3.76298e-12
204 8.73138e-08 1.45769 3.76309e-12
205 8.73008e-08 1.45772 3.7632e-12
206 8.72874e-08 1.45775 3.76331e-12
207 8.72308e-08 1.45779 3.76342e-12
208 8.71971e-08 1.45782 3.76354e-12
209 8.71876e-08 1.45785 3.76365e-12
210 8.71416e-08 1.45789 3.76376e-12
211 8.71264e-08 1.45792 3.76387e-12
212 8.71184e-08 1.45812 3.7642e-12
213 8.70567e-08 1.45816 3.76431e-12
214 8.70381e-08 1.45819 3.76442e-12
215 8.70183e-08 1.45839 3.76476e-12
216 8.69693e-08 1.45842 3.76487e-12
217 8.69582e-08 1.45846 3.76498e-12
218 8.69493e-08 1.45849 3.76509e-12
219 8.68489e-08 1.45852 3.7652e-12
220 8.67971e-08 1.45856 3.76531e-12
221 8.67869e-08 1.45859 3.76542e-12
222 8.67803e-08 1.45862 3.76553e-12
223 8.67019e-08 1.45866 3.76564e-12
224 8.66796e-08 1.45873 3.76576e-12
225 8.66248e-08 1.45876 3.76587e-12
226 8.66155e-08 1.45879 3.76598e-12
227 8.65924e-08 1.45899 3.76631e-12
228 8.65102e-08 1.45903 3.76642e-12
229 8.64526e-08 1.45923 3.76675e-12
230 8.64246e-08 1.45926 3.76687e-12
231 8.62803e-08 1.45929 3.76698e-12
232 8.62568e-08 1.45933 3.76709e-12
233 8.6226e-08 1.45936 3.7672e-12
234 8.621e-08 1.45956 3.76753e-12
235 8.61525e-08 1.45959 3.76764e-12
236 8.61336e-08 1.45963 3.76775e-12
237 8.61097e-08 1.45966 3.76786e-12
238 8.61081e-08 1.45969 3.76798e-12
239 8.6089e-08 1.45973 3.76809e-12
240 8.6079e-08 1.45976 3.7682e-12
241 8.6041e-08 1.4598 3.76831e-12
242 8.60201e-08 1.46 3.76864e-12
243 8.59358e-08 1.46019 3.76897e-12
244 8.59212e-08 1.46023 3.76909e-12
245 8.58893e-08 1.46026 3.7692e-12
246 8.57636e-08 1.4603 3.76931e-12
247 8.57534e-08 1.46033 3.76942e-12
248 8.57186e-08 1.46053 3.76975e-12
249 8.56719e-08 1.46056 3.76986e-12
250 8.5593e-08 1.46063 3.76997e-12
251 8.55913e-08 1.46083 3.77031e-12
252 8.55478e-08 1.46086 3.77042e-12
253 8.55246e-08 1.4609 3.77053e-12
254 8.55162e-08 1.46093 3.77064e-12
255 8.54941e-08 1.46096 3.77075e-12
256 8.54822e-08 1.46103 3.77086e-12
257 8.54235e-08 1.46106 3.77097e-12
258 8.54191e-08 1.46113 3.77108e-12
259 8.53771e-08 1.46116 3.77119e-12
260 8.53581e-08 1.4612 3.77131e-12
261 8.53519e-08 1.46123 3.77142e-12
262 8.53179e-08 1.46127 3.77153e-12
263 8.531e-08 1.4613 3.77164e-12
264 8.52817e-08 1.46133 3.77175e-12
265 8.52586e-08 1.46137 3.77186e-12
266 8.52468e-08 1.46157 3.77219e-12
267 8.5212e-08 1.46177 3.77253e-12
268 8.51975e-08 1.46183 3.77264e-12
269 8.5089e-08 1.4619 3.77275e-12
270 8.5085e-08 1.46193 3.77286e-12
271 8.50399e-08 1.46197 3.77297e-12
272 8.49992e-08 1.46203 3.77308e-12
273 8.49397e-08 1.46207 3.77319e-12
274 8.49201e-08 1.46227 3.77353e-12
275 8.4916e-08 1.4623 3.77364e-12
276 8.48815e-08 1.46233 3.77375e-12
277 8.48251e-08 1.46253 3.77408e-12
278 8.47716e-08 1.46257 3.77419e-12
279 8.47422e-08 1.46277 3.77452e-12
280 8.45773e-08 1.4628 3.77464e-12
281 8.45719e-08 1.46287 3.77475e-12
282 8.45554e-08 1.4629 3.77486e-12
283 8.44271e-08 1.4631 3.77519e-12
284 8.4407e-08 1.4633 3.77552e-12
285 8.44017e-08 1.46336 3.77563e-12
286 8.43224e-08 1.4634 3.77575e-12
287 8.42702e-08 1.4636 3.77608e-12
288 8.4244e-08 1.4638 3.77641e-12
289 8.4155e-08 1.46386 3.77652e-12
290 8.41482e-08 1.46406 3.77686e-12
291 8.41247e-08 1.4641 3.77697e-12
292 8.41016e-08 1.46413 3.77708e-12
293 8.39739e-08 1.46433 3.77741e-12
294 8.39351e-08 1.4644 3.77752e-12
295 8.38632e-08 1.46443 3.77763e-12
296 8.37648e-08 1.46446 3.77774e-12
297 8.37534e-08 1.4648 3.7783e-12
298 8.37444e-08 1.46486 3.77841e-12
299 8.37152e-08 1.46493 3.77852e-12
300 8.36946e-08 1.46513 3.77885e-12
301 8.36037e-08 1.46516 3.77896e-12
302 8.35261e-08 1.46536 3.7793e-12
303 8.34829e-08 1.46539 3.77941e-12
304 8.33575e-08 1.46559 3.77974e-12
305 8.32519e-08 1.46563 3.77985e-12
306 8.31889e-08 1.46569 3.77996e-12
307 8.31874e-08 1.46573 3.78007e-12
308 8.31663e-08 1.46579 3.78019e-12
309 8.30733e-08 1.46586 3.7803e-12
310 8.30569e-08 1.46589 3.78041e-12
311 8.30497e-08 1.46593 3.78052e-12
312 8.29705e-08 1.46613 3.78085e-12
313 8.289e-08 1.46616 3.78096e-12
314 8.28886e-08 1.4662 3.78107e-12
315 8.28247e-08 1.46623 3.78118e-12
316 8.27965e-08 1.4663 3.7813e-12
317 8.27559e-08 1.46636 3.78141e-12
318 8.27258e-08 1.46643 3.78152e-12
319 8.27203e-08 1.46646 3.78163e-12
320 8.26638e-08 1.4665 3.78174e-12
321 8.25288e-08 1.46655 3.78185e-12
322 8.24863e-08 1.46658 3.78196e-12
323 8.2453e-08 1.46665 3.78207e-12
324 8.24026e-08 1.46668 3.78218e-12
325 8.24023e-08 1.46675 3.78229e-12
326 8.23819e-08 1.46678 3.78241e-12
327 8.23406e-08 1.46682 3.78252e-12
328 8.23357e-08 1.46685 3.78263e-12
329 8.23188e-08 1.46688 3.78274e-12
330 8.22377e-08 1.46695 3.78285e-12
331 8.2234e-08 1.46702 3.78296e-12
332 8.22177e-08 1.46705 3.78307e-12
333 8.21852e-08 1.46708 3.78318e-12
334 8.21599e-08 1.46728 3.78352e-12
335 8.21597e-08 1.46735 3.78363e-12
336 8.21467e-08 1.46738 3.78374e-12
337 8.21291e-08 1.46742 3.78385e-12
338 8.20898e-08 1.46745 3.78396e-12
339 8.20658e-08 1.46748 3.78407e-12
340 8.20535e-08 1.46755 3.78418e-12
341 8.20328e-08 1.46775 3.78451e-12
342 8.20219e-08 1.46797 3.78497e-12
343 8.1964e-08 1.46803 3.78508e-12
344 8.19596e-08 1.4681 3.78519e-12
345 8.19515e-08 1.4683 3.78553e-12
346 8.19295e-08 1.46833 3.78564e-12
347 8.19215e-08 1.46837 3.78575e-12
348 8.19063e-08 1.46843 3.78586e-12
349 8.18965e-08 1.46847 3.78597e-12
350 8.18949e-08 1.4685 3.78608e-12
351 8.1874e-08 1.46853 3.78619e-12
352 8.18428e-08 1.4686 3.7863e-12
353 8.18351e-08 1.4688 3.78664e-12
354 8.18336e-08 1.46902 3.78709e-12
355 8.17485e-08 1.46905 3.7872e-12
356 8.17225e-08 1.46908 3.78731e-12
357 8.16628e-08 1.46912 3.78743e-12
358 8.16435e-08 1.46915 3.78754e-12
359 8.16374e-08 1.46918 3.78765e-12
360 8.16001e-08 1.46926 3.7878e-12
361 8.15954e-08 1.46929 3.78791e-12
362 8.15765e-08 1.46932 3.78802e-12
363 8.15692e-08 1.46936 3.78813e-12
364 8.15624e-08 1.46939 3.78824e-12
365 8.15543e-08 1.46943 3.78835e-12
366 8.15484e-08 1.46962 3.78869e-12
367 8.15411e-08 1.46966 3.7888e-12
368 8.14708e-08 1.46972 3.78895e-12
369 8.14116e-08 1.46975 3.78906e-12
370 8.13981e-08 1.46979 3.78921e-12
371 8.13928e-08 1.46983 3.78932e-12
372 8.13829e-08 1.46986 3.78944e-12
373 8.13751e-08 1.4699 3.78955e-12
374 8.13531e-08 1.46993 3.78966e-12
375 8.1338e-08 1.46996 3.78977e-12
376 8.13204e-08 1.47018 3.79022e-12
377 8.13106e-08 1.47021 3.79034e-12
378 8.12981e-08 1.47028 3.79045e-12
379 8.12954e-08 1.47031 3.79056e-12
380 8.12923e-08 1.47035 3.79067e-12
381 8.12652e-08 1.47038 3.79078e-12
382 8.12487e-08 1.47041 3.79089e-12
383 8.12269e-08 1.47045 3.791e-12
384 8.12219e-08 1.47048 3.79111e-12
385 8.12122e-08 1.47052 3.79122e-12
386 8.12114e-08 1.47055 3.79133e-12
387 8.115e-08 1.47075 3.79167e-12
388 8.11498e-08 1.47078 3.79178e-12
389 8.11463e-08 1.47098 3.79211e-12
390 8.11459e-08 1.47118 3.79244e-12
391 8.101e-08 1.4714 3.7929e-12
392 8.09796e-08 1.4716 3.79323e-12
393 8.09563e-08 1.47163 3.79335e-12
394 8.09302e-08 1.4717 3.7935e-12
395 8.08587e-08 1.4719 3.79383e-12
396 8.08362e-08 1.47212 3.79429e-12
397 8.08092e-08 1.47218 3.7944e-12
398 8.07078e-08 1.47222 3.79451e-12
399 8.0671e-08 1.47225 3.79462e-12
400 8.06387e-08 1.47232 3.79477e-12
401 8.06085e-08 1.47236 3.79488e-12
402 8.0597e-08 1.47242 3.79499e-12
403 8.05962e-08 1.47264 3.79545e-12
404 8.0557e-08 1.47267 3.79556e-12
405 8.05272e-08 1.47287 3.79589e-12
406 8.04998e-08 1.47291 3.796e-12
407 8.04863e-08 1.47294 3.79612e-12
408 8.04798e-08 1.47297 3.79623e-12
409 8.04683e-08 1.47301 3.79634e-12
410 8.04609e-08 1.47304 3.79645e-12
411 8.04563e-08 1.47307 3.79656e-12
412 8.04304e-08 1.47314 3.79667e-12
413 8.04264e-08 1.47317 3.79678e-12
414 8.04174e-08 1.47337 3.79711e-12
415 8.03584e-08 1.47342 3.79727e-12
416 8.03351e-08 1.47378 3.79803e-12
417 8.02979e-08 1.47381 3.79814e-12
418 8.02766e-08 1.47384 3.79825e-12
419 8.02229e-08 1.47391 3.79836e-12
420 8.01986e-08 1.47398 3.79847e-12
421 8.01628e-08 1.47404 3.79858e-12
422 8.01454e-08 1.47408 3.79869e-12
423 8.01275e-08 1.47428 3.79903e-12
424 8.01091e-08 1.47431 3.79914e-12
425 8.00897e-08 1.47451 3.79947e-12
426 8.00757e-08 1.47458 3.79958e-12
427 8.00612e-08 1.47479 3.80004e-12
428 8.00182e-08 1.47499 3.80037e-12
429 7.99906e-08 1.47502 3.80048e-12
430 7.99815e-08 1.47506 3.80059e-12
431 7.99719e-08 1.47526 3.80093e-12
432 7.9957e-08 1.47546 3.80126e-12
433 7.99275e-08 1.47549 3.80137e-12
434 7.9895e-08 1.47553 3.80152e-12
435 7.9879e-08 1.47557 3.80163e-12
436 7.9867e-08 1.47564 3.80178e-12
437 7.98535e-08 1.47567 3.8019e-12
438 7.98534e-08 1.47571 3.80201e-12
439 7.98101e-08 1.47574 3.80212e-12
440 7.97866e-08 1.47581 3.80227e-12
441 7.97628e-08 1.47584 3.80238e-12
442 7.96888e-08 1.47606 3.80284e-12
443 7.96677e-08 1.47626 3.80317e-12
444 7.96234e-08 1.47633 3.80328e-12
445 7.95405e-08 1.47639 3.80349e-12
446 7.95366e-08 1.47643 3.8036e-12
447 7.95204e-08 1.47649 3.80371e-12
448 7.94996e-08 1.47656 3.80382e-12
449 7.94549e-08 1.4766 3.80397e-12
450 7.94102e-08 1.47664 3.80413e-12
451 7.94058e-08 1.47668 3.80428e-12
452 7.93964e-08 1.47672 3.80439e-12
453 7.93857e-08 1.47675 3.8045e-12
454 7.93654e-08 1.47682 3.80461e-12
455 7.93532e-08 1.47686 3.80476e-12
456 7.93407e-08 1.47689 3.80487e-12
457 7.93272e-08 1.47693 3.80499e-12
458 7.93222e-08 1.47696 3.8051e-12
459 7.93164e-08 1.477 3.80525e-12
460 7.93069e-08 1.4772 3.80558e-12
461 7.9289e-08 1.47727 3.80569e-12
462 7.92789e-08 1.47747 3.80603e-12
463 7.92614e-08 1.47751 3.80618e-12
464 7.92356e-08 1.47771 3.80651e-12
465 7.92324e-08 1.47775 3.80666e-12
466 7.92288e-08 1.47779 3.80677e-12
467 7.91983e-08 1.47782 3.80688e-12
468 7.91924e-08 1.47785 3.807e-12
469 7.91807e-08 1.4779 3.80715e-12
470 7.91676e-08 1.47793 3.80726e-12
471 7.9154e-08 1.47796 3.80737e-12
472 7.91512e-08 1.478 3.80748e-12
473 7.91491e-08 1.4782 3.80781e-12
474 7.91058e-08 1.47824 3.80797e-12
475 7.90947e-08 1.47828 3.80812e-12
476 7.90626e-08 1.47831 3.80823e-12
477 7.90611e-08 1.47836 3.80838e-12
478 7.90591e-08 1.47839 3.80849e-12
479 7.90546e-08 1.47859 3.80882e-12
480 7.90292e-08 1.47865 3.80894e-12
481 7.9026e-08 1.47869 3.80905e-12
482 7.90193e-08 1.47872 3.80916e-12
483 7.90186e-08 1.47876 3.80931e-12
484 7.90184e-08 1.4788 3.80942e-12
485 7.90081e-08 1.47883 3.80953e-12
486 7.89944e-08 1.47887 3.80964e-12
487 7.89848e-08 1.4789 3.80975e-12
488 7.89829e-08 1.47897 3.80986e-12
489 7.89809e-08 1.47917 3.8102e-12
490 7.8976e-08 1.4792 3.81031e-12
491 7.896e-08 1.47924 3.81046e-12
492 7.89425e-08 1.47927 3.81057e-12
493 7.89328e-08 1.47934 3.81068e-12
494 7.88935e-08 1.47938 3.81083e-12
495 7.88934e-08 1.47942 3.81095e-12
496 7.88895e-08 1.47962 3.81128e-12
497 7.88865e-08 1.47966 3.81143e-12
498 7.88538e-08 1.47972 3.81154e-12
499 7.88509e-08 1.47976 3.81165e-12
500 7.88462e-08 1.47996 3.81199e-12
501 7.88369e-08 1.48 3.81214e-12
502 7.88356e-08 1.48003 3.81225e-12
503 7.88322e-08 1.48007 3.81236e-12
504 7.88213e-08 1.48027 3.81269e-12
505 7.88097e-08 1.4803 3.8128e-12
506 7.88077e-08 1.48033 3.81292e-12
507 7.8803e-08 1.48037 3.81303e-12
508 7.87597e-08 1.48041 3.81318e-12
509 7.87465e-08 1.48063 3.81363e-12
510 7.87442e-08 1.48066 3.81375e-12
511 7.87274e-08 1.48069 3.81386e-12
512 7.87258e-08 1.48073 3.81397e-12
513 7.87025e-08 1.48076 3.81408e-12
514 7.86815e-08 1.48079 3.81419e-12
515 7.8663e-08 1.48083 3.8143e-12
516 7.86481e-08 1.48086 3.81441e-12
517 7.86345e-08 1.4809 3.81452e-12
518 7.86175e-08 1.48093 3.81463e-12
519 7.85867e-08 1.48097 3.81479e-12
520 7.85827e-08 1.48117 3.81512e-12
521 7.85747e-08 1.4815 3.81567e-12
522 7.8573e-08 1.48154 3.81583e-12
523 7.85364e-08 1.48158 3.81594e-12
524 7.85319e-08 1.48161 3.81605e-12
525 7.85289e-08 1.48165 3.8162e-12
526 7.85065e-08 1.48169 3.81631e-12
527 7.85004e-08 1.48172 3.81642e-12
528 7.84891e-08 1.48176 3.81653e-12
529 7.84464e-08 1.4818 3.81668e-12
530 7.84259e-08 1.48184 3.81684e-12
531 7.84133e-08 1.48187 3.81695e-12
532 7.84036e-08 1.48191 3.81706e-12
533 7.84023e-08 1.48195 3.81721e-12
534 7.8391e-08 1.48198 3.81732e-12
535 7.83608e-08 1.48205 3.81743e-12
536 7.83577e-08 1.48209 3.81758e-12
537 7.83342e-08 1.48212 3.8177e-12
538 7.83181e-08 1.48216 3.81781e-12
539 7.83064e-08 1.4822 3.81796e-12
540 7.82826e-08 1.48227 3.81807e-12
541 7.82755e-08 1.48247 3.8184e-12
542 7.82726e-08 1.48251 3.81856e-12
543 7.82532e-08 1.48254 3.81867e-12
544 7.82506e-08 1.48257 3.81878e-12
545 7.82392e-08 1.48277 3.81911e-12
546 7.82376e-08 1.48281 3.81922e-12
547 7.82329e-08 1.48301 3.81955e-12
548 7.82252e-08 1.48305 3.81971e-12
549 7.8225e-08 1.48312 3.81982e-12
550 7.821e-08 1.48318 3.81993e-12
551 7.81972e-08 1.48322 3.82004e-12
552 7.81911e-08 1.48342 3.82037e-12
553 7.81903e-08 1.48345 3.82048e-12
554 7.81889e-08 1.48349 3.82064e-12
555 7.81756e-08 1.48352 3.82075e-12
556 7.81621e-08 1.48356 3.82086e-12
557 7.815e-08 1.48359 3.82097e-12
558 7.81476e-08 1.48363 3.82108e-12
559 7.81475e-08 1.48367 3.82123e-12
560 7.81362e-08 1.48373 3.82134e-12
561 7.8105e-08 1.48378 3.82149e-12
562 7.81004e-08 1.48382 3.82165e-12
563 7.80774e-08 1.48385 3.82176e-12
564 7.80624e-08 1.48389 3.82191e-12
565 7.80324e-08 1.48394 3.82206e-12
566 7.80198e-08 1.484 3.82217e-12
567 7.80186e-08 1.48404 3.82232e-12
568 7.79836e-08 1.48408 3.82244e-12
569 7.79771e-08 1.48429 3.82289e-12
570 7.79742e-08 1.48434 3.82304e-12
571 7.79581e-08 1.4844 3.82315e-12
572 7.79503e-08 1.48447 3.82327e-12
573 7.7944e-08 1.4845 3.82338e-12
574 7.79391e-08 1.48454 3.82349e-12
575 7.79345e-08 1.4846 3.8236e-12
576 7.79281e-08 1.48464 3.82375e-12
577 7.79244e-08 1.48468 3.82386e-12
578 7.79087e-08 1.48471 3.82397e-12
579 7.78952e-08 1.48475 3.82408e-12
580 7.78919e-08 1.48478 3.82419e-12
581 7.7888e-08 1.48482 3.82435e-12
582 7.78843e-08 1.48489 3.82446e-12
583 7.78521e-08 1.48492 3.82457e-12
584 7.78493e-08 1.48495 3.82468e-12
585 7.7846e-08 1.48503 3.82483e-12
586 7.78276e-08 1.48506 3.82494e-12
587 7.78235e-08 1.48509 3.82505e-12
588 7.78179e-08 1.48513 3.82517e-12
589 7.78168e-08 1.48519 3.82528e-12
590 7.7809e-08 1.48539 3.82561e-12
591 7.78015e-08 1.48561 3.82607e-12
592 7.77816e-08 1.48597 3.82683e-12
593 7.77781e-08 1.486 3.82694e-12
594 7.77717e-08 1.4862 3.82727e-12
595 7.77639e-08 1.48624 3.82738e-12
596 7.77559e-08 1.4863 3.82749e-12
597 7.77537e-08 1.48634 3.8276e-12
598 7.77478e-08 1.48637 3.82771e-12
599 7.77461e-08 1.48644 3.82782e-12
600 7.77355e-08 1.48647 3.82794e-12
601 7.7722e-08 1.4865 3.82805e-12
602 7.77168e-08 1.48654 3.82816e-12
603 7.77123e-08 1.48658 3.82831e-12
604 7.76809e-08 1.48661 3.82842e-12
605 7.76777e-08 1.48665 3.82853e-12
606 7.76735e-08 1.48669 3.82868e-12
607 7.7663e-08 1.48672 3.82879e-12
608 7.76616e-08 1.48679 3.82895e-12
609 7.76553e-08 1.48683 3.82906e-12
610 7.76307e-08 1.48686 3.82917e-12
611 7.76158e-08 1.48706 3.8295e-12
612 7.76022e-08 1.48726 3.82983e-12
613 7.75995e-08 1.4873 3.82999e-12
614 7.75836e-08 1.48734 3.8301e-12
615 7.75829e-08 1.48737 3.83021e-12
616 7.75733e-08 1.4874 3.83032e-12
617 7.75624e-08 1.48744 3.83043e-12
618 7.75564e-08 1.48747 3.83054e-12
619 7.75528e-08 1.48769 3.831e-12
620 7.75488e-08 1.4879 3.83145e-12
621 7.75355e-08 1.48794 3.83157e-12
622 7.75097e-08 1.48814 3.8319e-12
623 7.75097e-08 1.48834 3.83223e-12
624 7.75009e-08 1.48837 3.83234e-12
625 7.75006e-08 1.4884 3.83245e-12
626 7.74831e-08 1.48844 3.83256e-12
627 7.74398e-08 1.48847 3.83268e-12
628 7.74397e-08 1.48854 3.83279e-12
629 7.74324e-08 1.48875 3.83324e-12
630 7.74272e-08 1.48883 3.83339e-12
631 7.74272e-08 1.48902 3.83373e-12
632 7.74227e-08 1.48906 3.83384e-12
633 7.74122e-08 1.48926 3.83417e-12
634 7.74114e-08 1.48946 3.8345e-12
635 7.74006e-08 1.48949 3.83462e-12
636 7.73892e-08 1.48952 3.83473e-12
637 7.73757e-08 1.48956 3.83484e-12
638 7.7375e-08 1.48976 3.83517e-12
639 7.73551e-08 1.48997 3.83563e-12
640 7.73385e-08 1.49005 3.83578e-12
641 7.73278e-08 1.49008 3.83589e-12
642 7.73134e-08 1.49011 3.836e-12
643 7.72982e-08 1.49031 3.83633e-12
644 7.72927e-08 1.49038 3.83644e-12
645 7.72739e-08 1.49045 3.83656e-12
646 7.72639e-08 1.49066 3.83701e-12
647 7.7255e-08 1.49086 3.83735e-12
648 7.72476e-08 1.49089 3.83746e-12
649 7.72473e-08 1.49097 3.83761e-12
650 7.71937e-08 1.49104 3.83776e-12
651 7.71823e-08 1.49108 3.83791e-12
652 7.71705e-08 1.49115 3.83802e-12
653 7.71579e-08 1.49121 3.83813e-12
654 7.71558e-08 1.49143 3.83859e-12
655 7.71475e-08 1.49163 3.83892e-12
656 7.71069e-08 1.49184 3.83938e-12
657 7.70827e-08 1.49191 3.83949e-12
658 7.70762e-08 1.49194 3.8396e-12
659 7.70697e-08 1.49216 3.84006e-12
660 7.70377e-08 1.49223 3.84017e-12
661 7.70364e-08 1.49229 3.84028e-12
662 7.70344e-08 1.49249 3.84061e-12
663 7.70332e-08 1.49269 3.84095e-12
664 7.70156e-08 1.49289 3.84128e-12
665 7.70059e-08 1.49296 3.84143e-12
666 7.69972e-08 1.493 3.84154e-12
667 7.69885e-08 1.49303 3.84165e-12
668 7.69714e-08 1.4931 3.84176e-12
669 7.69683e-08 1.4933 3.8421e-12
670 7.69582e-08 1.49351 3.84255e-12
671 7.6933e-08 1.49355 3.84271e-12
672 7.69122e-08 1.49359 3.84282e-12
673 7.69105e-08 1.49363 3.84297e-12
674 7.69099e-08 1.49366 3.84308e-12
675 7.68916e-08 1.49373 3.84319e-12
676 7.68785e-08 1.49376 3.8433e-12
677 7.6872e-08 1.49398 3.84376e-12
678 7.68662e-08 1.49405 3.84387e-12
679 7.68563e-08 1.49409 3.84402e-12
680 7.68398e-08 1.49412 3.84413e-12
681 7.68319e-08 1.49434 3.84459e-12
682 7.68253e-08 1.49437 3.8447e-12
683 7.68202e-08 1.4944 3.84481e-12
684 7.67898e-08 1.49462 3.84527e-12
685 7.67812e-08 1.49482 3.8456e-12
686 7.67427e-08 1.49518 3.84636e-12
687 7.67361e-08 1.49521 3.84647e-12
688 7.66981e-08 1.49541 3.8468e-12
689 7.66926e-08 1.49545 3.84691e-12
690 7.6677e-08 1.49552 3.84707e-12
691 7.66621e-08 1.49588 3.84783e-12
692 7.66469e-08 1.49592 3.84798e-12
693 7.66436e-08 1.49599 3.84809e-12
694 7.66421e-08 1.49618 3.84842e-12
695 7.6618e-08 1.4964 3.84888e-12
696 7.65739e-08 1.49644 3.84903e-12
697 7.65298e-08 1.49648 3.84918e-12
698 7.65067e-08 1.49653 3.84934e-12
699 7.65027e-08 1.49657 3.84949e-12
700 7.64857e-08 1.4966 3.8496e-12
701 7.64796e-08 1.49664 3.84975e-12
702 7.6468e-08 1.49671 3.84986e-12
703 7.64586e-08 1.49691 3.85019e-12
704 7.64506e-08 1.49695 3.85035e-12
705 7.64492e-08 1.49717 3.8508e-12
706 7.64416e-08 1.49723 3.85091e-12
707 7.64285e-08 1.49745 3.85137e-12
708 7.64123e-08 1.49748 3.85148e-12
709 7.63242e-08 1.49753 3.85163e-12
710 7.63211e-08 1.4976 3.85179e-12
711 7.62859e-08 1.49764 3.85194e-12
712 7.62777e-08 1.49771 3.85205e-12
713 7.6261e-08 1.49775 3.8522e-12
714 7.62565e-08 1.49796 3.85266e-12
715 7.62466e-08 1.49818 3.85311e-12
716 7.62344e-08 1.49839 3.85357e-12
717 7.62197e-08 1.49844 3.85372e-12
718 7.62096e-08 1.49877 3.85428e-12
719 7.6191e-08 1.4988 3.85439e-12
720 7.61476e-08 1.49884 3.85454e-12
721 7.61216e-08 1.49889 3.85469e-12
722 7.61042e-08 1.4991 3.85515e-12
723 7.60788e-08 1.49914 3.8553e-12
724 7.60608e-08 1.49922 3.85545e-12
725 7.60545e-08 1.49926 3.8556e-12
726 7.60195e-08 1.49946 3.85594e-12
727 7.60175e-08 1.49953 3.85609e-12
728 7.59846e-08 1.49957 3.85624e-12
729 7.59741e-08 1.49979 3.8567e-12
730 7.59737e-08 1.49983 3.85685e-12
731 7.59506e-08 1.50004 3.85731e-12
732 7.59307e-08 1.50011 3.85742e-12
733 7.58873e-08 1.50015 3.85757e-12
734 7.58336e-08 1.50037 3.85802e-12
735 7.58238e-08 1.50044 3.85818e-12
736 7.582e-08 1.50047 3.85829e-12
737 7.58003e-08 1.50055 3.85844e-12
738 7.57846e-08 1.50075 3.85877e-12
739 7.57731e-08 1.50096 3.85923e-12
740 7.57728e-08 1.50099 3.85934e-12
741 7.57586e-08 1.50103 3.85945e-12
742 7.57287e-08 1.5011 3.8596e-12
743 7.57249e-08 1.50113 3.85971e-12
744 7.57061e-08 1.50118 3.85987e-12
745 7.56991e-08 1.50138 3.8602e-12
746 7.56819e-08 1.50145 3.86035e-12
747 7.56818e-08 1.50149 3.8605e-12
748 7.5665e-08 1.50153 3.86066e-12
749 7.56586e-08 1.5016 3.86077e-12
750 7.56529e-08 1.50181 3.86122e-12
751 7.565e-08 1.50185 3.86133e-12
752 7.5633e-08 1.50192 3.86149e-12
753 7.56074e-08 1.50199 3.86164e-12
754 7.5599e-08 1.50221 3.86209e-12
755 7.55928e-08 1.50241 3.86243e-12
756 7.55913e-08 1.50244 3.86254e-12
757 7.55824e-08 1.50251 3.86265e-12
758 7.55811e-08 1.50258 3.8628e-12
759 7.55749e-08 1.50279 3.86326e-12
760 7.54988e-08 1.50286 3.86354e-12
761 7.54849e-08 1.50291 3.86369e-12
762 7.54704e-08 1.50314 3.86432e-12
763 7.54652e-08 1.50334 3.86465e-12
764 7.54562e-08 1.50338 3.8648e-12
765 7.54222e-08 1.50342 3.86496e-12
766 7.54137e-08 1.50346 3.86511e-12
767 7.54136e-08 1.5035 3.86522e-12
768 7.54083e-08 1.50354 3.86537e-12
769 7.5403e-08 1.50361 3.86558e-12
770 7.53924e-08 1.50365 3.86569e-12
771 7.53793e-08 1.50368 3.8658e-12
772 7.53709e-08 1.50372 3.86595e-12
773 7.53693e-08 1.50377 3.86611e-12
774 7.53359e-08 1.504 3.86673e-12
775 7.53283e-08 1.50406 3.86684e-12
776 7.53104e-08 1.50411 3.86699e-12
777 7.53059e-08 1.50417 3.86711e-12
778 7.53025e-08 1.50421 3.86722e-12
779 7.52979e-08 1.50424 3.86733e-12
780 7.52927e-08 1.50444 3.86766e-12
781 7.52873e-08 1.50451 3.86781e-12
782 7.52857e-08 1.50454 3.86792e-12
783 7.52714e-08 1.50459 3.86808e-12
784 7.52661e-08 1.50466 3.86823e-12
785 7.52655e-08 1.50489 3.86885e-12
786 7.52539e-08 1.50511 3.86931e-12
787 7.52464e-08 1.50532 3.86976e-12
788 7.52461e-08 1.50535 3.86988e-12
789 7.52431e-08 1.50539 3.86999e-12
790 7.52429e-08 1.50543 3.87014e-12
791 7.52232e-08 1.50546 3.87025e-12
792 7.52006e-08 1.5055 3.87036e-12
793 7.52004e-08 1.50571 3.87082e-12
794 7.51996e-08 1.50576 3.87097e-12
795 7.51982e-08 1.50579 3.87108e-12
796 7.51967e-08 1.50583 3.87123e-12
797 7.51773e-08 1.50603 3.87157e-12
798 7.51745e-08 1.5061 3.87168e-12
799 7.51578e-08 1.50615 3.87188e-12
800 7.51531e-08 1.50619 3.87204e-12
801 7.51491e-08 1.50623 3.87219e-12
802 7.51308e-08 1.50646 3.87281e-12
803 7.51152e-08 1.5065 3.87292e-12
804 7.51136e-08 1.50654 3.87308e-12
805 7.5108e-08 1.50657 3.87319e-12
806 7.50808e-08 1.50661 3.87334e-12
807 7.50805e-08 1.50668 3.87345e-12
808 7.50726e-08 1.50675 3.8736e-12
809 7.5072e-08 1.50679 3.87376e-12
810 7.50629e-08 1.50683 3.87387e-12
811 7.50612e-08 1.50704 3.87432e-12
812 7.50548e-08 1.50708 3.87443e-12
813 7.5054e-08 1.50728 3.87477e-12
814 7.50466e-08 1.50748 3.8751e-12
815 7.50463e-08 1.50768 3.87543e-12
816 7.50411e-08 1.50791 3.87606e-12
817 7.503e-08 1.50795 3.87621e-12
818 7.50134e-08 1.50799 3.87636e-12
819 7.49934e-08 1.50803 3.87651e-12
820 7.49873e-08 1.50807 3.87662e-12
821 7.49813e-08 1.50811 3.87678e-12
822 7.49704e-08 1.50818 3.87693e-12
823 7.49447e-08 1.50822 3.87708e-12
824 7.49437e-08 1.50826 3.87723e-12
825 7.49398e-08 1.50834 3.87744e-12
826 7.49275e-08 1.50837 3.87755e-12
827 7.49036e-08 1.50842 3.8777e-12
828 7.49021e-08 1.50865 3.87833e-12
829 7.48919e-08 1.50886 3.87879e-12
830 7.48846e-08 1.5089 3.8789e-12
831 7.48419e-08 1.50894 3.87905e-12
832 7.48417e-08 1.509 3.87916e-12
833 7.48412e-08 1.50905 3.87931e-12
834 7.48346e-08 1.50912 3.87946e-12
835 7.48223e-08 1.50916 3.87962e-12
836 7.48011e-08 1.50919 3.87973e-12
837 7.47988e-08 1.50927 3.87994e-12
838 7.47943e-08 1.50931 3.88009e-12
839 7.47862e-08 1.50935 3.8802e-12
840 7.4781e-08 1.50939 3.88035e-12
841 7.47809e-08 1.50975 3.88111e-12
842 7.47559e-08 1.50998 3.88174e-12
843 7.47539e-08 1.51002 3.88189e-12
844 7.47423e-08 1.51006 3.882e-12
845 7.47216e-08 1.5101 3.88215e-12
846 7.47185e-08 1.51048 3.88319e-12
847 7.4713e-08 1.51052 3.8833e-12
848 7.46983e-08 1.51072 3.88364e-12
849 7.46975e-08 1.51076 3.88379e-12
850 7.4657e-08 1.5108 3.88394e-12
851 7.46544e-08 1.51087 3.88405e-12
852 7.46542e-08 1.51091 3.8842e-12
853 7.46513e-08 1.51112 3.88466e-12
854 7.46444e-08 1.51116 3.88477e-12
855 7.46282e-08 1.51136 3.8851e-12
856 7.46308e-08 1.51143 3.88526e-12
857 7.46105e-08 1.51164 3.88571e-12
858 7.46032e-08 1.51169 3.88586e-12
859 7.45964e-08 1.51176 3.88602e-12
860 7.4591e-08 1.5118 3.88617e-12
861 7.45692e-08 1.51203 3.88679e-12
862 7.45665e-08 1.51206 3.8869e-12
863 7.45529e-08 1.51211 3.88706e-12
864 7.4545e-08 1.51215 3.88721e-12
865 7.45408e-08 1.51218 3.88732e-12
866 7.45599e-08 1.51242 3.88818e-12
867 7.45274e-08 1.51245 3.88829e-12
868 7.4526e-08 1.51253 3.88844e-12
869 7.45236e-08 1.5126 3.88859e-12
870 7.45226e-08 1.51265 3.8888e-12
871 7.45094e-08 1.51269 3.88895e-12
872 7.45024e-08 1.51273 3.8891e-12
873 7.44903e-08 1.51297 3.88996e-12
874 7.44883e-08 1.51321 3.89082e-12
875 7.44808e-08 1.51324 3.89093e-12
876 7.44807e-08 1.51328 3.89104e-12
877 7.44803e-08 1.51335 3.89125e-12
878 7.44787e-08 1.51339 3.89136e-12
879 7.44784e-08 1.51346 3.89151e-12
880 7.4477e-08 1.5135 3.89166e-12
881 7.45036e-08 1.51374 3.89252e-12
882 7.44658e-08 1.51378 3.89267e-12
883 7.44606e-08 1.51382 3.89282e-12
884 7.44503e-08 1.51387 3.89297e-12
885 7.44499e-08 1.5141 3.89383e-12
886 7.44489e-08 1.51418 3.89398e-12
887 7.44474e-08 1.51425 3.89413e-12
888 7.44382e-08 1.51432 3.89434e-12
889 7.44316e-08 1.51436 3.89445e-12
890 7.44941e-08 1.51459 3.89508e-12
891 7.44223e-08 1.51463 3.89523e-12
892 7.44177e-08 1.51467 3.89538e-12
893 7.44176e-08 1.51487 3.89572e-12
894 7.44106e-08 1.51491 3.89587e-12
895 7.44049e-08 1.51498 3.89598e-12
896 7.43987e-08 1.51501 3.89609e-12
897 7.439e-08 1.51523 3.89655e-12
898 7.43862e-08 1.51526 3.89666e-12
899 7.43771e-08 1.51534 3.89687e-12
900 7.43746e-08 1.51542 3.89707e-12
