0 6.32127e-08 0.23586 5.973e-13
1 6.3036e-08 0.235893 5.97411e-13
2 6.28664e-08 0.235927 5.97522e-13
3 6.26967e-08 0.235961 5.97633e-13
4 6.25271e-08 0.235995 5.97744e-13
5 6.23574e-08 0.236029 5.97855e-13
6 6.21878e-08 0.236062 5.97966e-13
7 6.17704e-08 0.236395 5.98521e-13
8 6.15581e-08 0.236594 5.98854e-13
9 6.15041e-08 0.236926 5.99409e-13
10 6.11145e-08 0.237125 5.99742e-13
11 6.0921e-08 0.237192 5.99853e-13
12 6.08187e-08 0.237226 5.99964e-13
13 6.07529e-08 0.237259 6.00075e-13
14 6.0656e-08 0.237293 6.00186e-13
15 6.05847e-08 0.237327 6.00297e-13
16 6.04934e-08 0.237361 6.00408e-13
17 6.04166e-08 0.237394 6.00519e-13
18 6.00271e-08 0.237594 6.00852e-13
19 5.99596e-08 0.237793 6.01185e-13
20 5.99412e-08 0.237827 6.01296e-13
21 5.9798e-08 0.238026 6.01629e-13
22 5.96702e-08 0.23806 6.0174e-13
23 5.9316e-08 0.238259 6.02073e-13
24 5.9138e-08 0.238326 6.02184e-13
25 5.90468e-08 0.238359 6.02295e-13
26 5.89739e-08 0.238559 6.02628e-13
27 5.88099e-08 0.238593 6.02739e-13
28 5.87762e-08 0.238792 6.03072e-13
29 5.86974e-08 0.238826 6.03183e-13
30 5.86147e-08 0.239158 6.03738e-13
31 5.84653e-08 0.239357 6.04071e-13
32 5.83229e-08 0.239424 6.04182e-13
33 5.82251e-08 0.239623 6.04515e-13
34 5.80669e-08 0.239822 6.04848e-13
35 5.79747e-08 0.239889 6.04959e-13
36 5.78602e-08 0.239955 6.0507e-13
37 5.73122e-08 0.240287 6.05625e-13
38 5.7212e-08 0.240321 6.05736e-13
39 5.7155e-08 0.240355 6.05847e-13
40 5.70572e-08 0.240421 6.05958e-13
41 5.69986e-08 0.240455 6.06069e-13
42 5.66711e-08 0.240654 6.06402e-13
43 5.65118e-08 0.240721 6.06513e-13
44 5.63527e-08 0.240755 6.06624e-13
45 5.61935e-08 0.240788 6.06735e-13
46 5.60344e-08 0.240822 6.06846e-13
47 5.56986e-08 0.241021 6.07179e-13
48 5.56025e-08 0.241221 6.07512e-13
49 5.54559e-08 0.241287 6.07623e-13
50 5.53766e-08 0.241321 6.07734e-13
51 5.53001e-08 0.241387 6.07845e-13
52 5.52082e-08 0.241454 6.07956e-13
53 5.51564e-08 0.241653 6.08289e-13
54 5.48114e-08 0.241852 6.08622e-13
55 5.47962e-08 0.242052 6.08955e-13
56 5.47516e-08 0.242251 6.09288e-13
57 5.46571e-08 0.24245 6.09621e-13
58 5.44856e-08 0.24265 6.09954e-13
59 5.44256e-08 0.242716 6.10065e-13
60 5.43591e-08 0.242915 6.10398e-13
61 5.40489e-08 0.243115 6.10731e-13
62 5.38938e-08 0.243181 6.10842e-13
63 5.37358e-08 0.243215 6.10953e-13
64 5.35777e-08 0.243249 6.11064e-13
65 5.32389e-08 0.243448 6.11397e-13
66 5.32356e-08 0.243515 6.11508e-13
67 5.30909e-08 0.243548 6.11619e-13
68 5.27848e-08 0.243748 6.11952e-13
69 5.26741e-08 0.243814 6.12063e-13
70 5.25281e-08 0.243848 6.12174e-13
71 5.21569e-08 0.244047 6.12507e-13
72 5.19957e-08 0.244114 6.12618e-13
73 5.17339e-08 0.244313 6.12951e-13
74 5.16612e-08 0.244379 6.13062e-13
75 5.16352e-08 0.244579 6.13395e-13
76 5.14645e-08 0.244612 6.13506e-13
77 5.13593e-08 0.244812 6.13839e-13
78 5.12674e-08 0.244878 6.1395e-13
79 5.11899e-08 0.244945 6.14061e-13
80 5.11579e-08 0.244978 6.14172e-13
81 5.10749e-08 0.245178 6.14505e-13
82 5.10443e-08 0.245244 6.14616e-13
83 5.09601e-08 0.245311 6.14727e-13
84 5.09493e-08 0.24551 6.1506e-13
85 5.07752e-08 0.245562 6.15171e-13
86 5.07051e-08 0.245628 6.15282e-13
87 5.06866e-08 0.245695 6.15393e-13
88 5.06462e-08 0.246027 6.15948e-13
89 5.0635e-08 0.246093 6.16059e-13
90 5.05649e-08 0.24616 6.1617e-13
91 5.05237e-08 0.246376 6.16626e-13
92 5.03672e-08 0.246409 6.16737e-13
93 5.01696e-08 0.246625 6.17193e-13
94 5.00875e-08 0.246697 6.17345e-13
95 4.99606e-08 0.246757 6.17498e-13
96 4.98874e-08 0.246799 6.1765e-13
97 4.98052e-08 0.247159 6.1841e-13
98 4.97203e-08 0.247358 6.18743e-13
99 4.97202e-08 0.247425 6.18854e-13
100 4.95862e-08 0.247458 6.18965e-13
101 4.95612e-08 0.247525 6.19076e-13
102 4.95538e-08 0.247591 6.19187e-13
103 4.94991e-08 0.247791 6.1952e-13
104 4.949e-08 0.248006 6.19976e-13
105 4.9342e-08 0.248073 6.20087e-13
106 4.93339e-08 0.248272 6.2042e-13
107 4.92629e-08 0.248344 6.20572e-13
108 4.92472e-08 0.24856 6.21028e-13
109 4.92398e-08 0.248776 6.21485e-13
110 4.91733e-08 0.248842 6.21596e-13
111 4.91697e-08 0.249174 6.22151e-13
112 4.91065e-08 0.249241 6.22262e-13
113 4.89402e-08 0.2496 6.23022e-13
114 4.88693e-08 0.2498 6.23355e-13
115 4.87287e-08 0.250015 6.23811e-13
116 4.86708e-08 0.250087 6.23963e-13
117 4.86245e-08 0.250129 6.24115e-13
118 4.85932e-08 0.250201 6.24267e-13
119 4.85628e-08 0.250235 6.24378e-13
120 4.85168e-08 0.250277 6.24531e-13
121 4.84708e-08 0.250319 6.24683e-13
122 4.84249e-08 0.250361 6.24835e-13
123 4.84181e-08 0.250432 6.24987e-13
124 4.84154e-08 0.250648 6.25443e-13
125 4.8379e-08 0.25098 6.25998e-13
126 4.83735e-08 0.251196 6.26454e-13
127 4.8239e-08 0.251556 6.27214e-13
128 4.8194e-08 0.251598 6.27367e-13
129 4.81595e-08 0.25164 6.27519e-13
130 4.81491e-08 0.251706 6.2763e-13
131 4.80278e-08 0.251772 6.27838e-13
132 4.80093e-08 0.251814 6.2799e-13
133 4.79838e-08 0.25203 6.28446e-13
134 4.79398e-08 0.252072 6.28598e-13
135 4.79101e-08 0.252114 6.2875e-13
136 4.78957e-08 0.25218 6.28861e-13
137 4.7852e-08 0.252222 6.29013e-13
138 4.78084e-08 0.252264 6.29166e-13
139 4.77647e-08 0.252306 6.29318e-13
140 4.7721e-08 0.252348 6.2947e-13
141 4.76773e-08 0.25239 6.29622e-13
142 4.75501e-08 0.252605 6.30078e-13
143 4.75184e-08 0.252821 6.30534e-13
144 4.7466e-08 0.253037 6.3099e-13
145 4.74236e-08 0.253397 6.31751e-13
146 4.7381e-08 0.253612 6.32207e-13
147 4.72987e-08 0.253945 6.32762e-13
148 4.72439e-08 0.254017 6.32914e-13
149 4.71977e-08 0.254058 6.33066e-13
150 4.71515e-08 0.2541 6.33218e-13
151 4.70211e-08 0.254316 6.33674e-13
152 4.69733e-08 0.254388 6.33826e-13
153 4.6856e-08 0.254604 6.34283e-13
154 4.68482e-08 0.254676 6.34435e-13
155 4.67931e-08 0.254875 6.34768e-13
156 4.67884e-08 0.254917 6.3492e-13
157 4.67447e-08 0.254951 6.35031e-13
158 4.66668e-08 0.255167 6.35487e-13
159 4.66287e-08 0.2552 6.35598e-13
160 4.65696e-08 0.255272 6.3575e-13
161 4.65656e-08 0.255314 6.35902e-13
162 4.65212e-08 0.255348 6.36013e-13
163 4.65193e-08 0.255564 6.36469e-13
164 4.64907e-08 0.255597 6.3658e-13
165 4.64595e-08 0.255631 6.36691e-13
166 4.63954e-08 0.255665 6.36802e-13
167 4.63839e-08 0.255881 6.37259e-13
168 4.63437e-08 0.256097 6.37715e-13
169 4.62824e-08 0.25613 6.37826e-13
170 4.62741e-08 0.256202 6.37978e-13
171 4.62326e-08 0.256236 6.38089e-13
172 4.62181e-08 0.25627 6.382e-13
173 4.61388e-08 0.256486 6.38656e-13
174 4.61124e-08 0.256558 6.38808e-13
175 4.609e-08 0.256624 6.38919e-13
176 4.6081e-08 0.25684 6.39375e-13
177 4.6047e-08 0.256874 6.39486e-13
178 4.59853e-08 0.257089 6.39943e-13
179 4.59459e-08 0.257131 6.40095e-13
180 4.59401e-08 0.257203 6.40247e-13
181 4.59133e-08 0.257245 6.40399e-13
182 4.58394e-08 0.257461 6.40855e-13
183 4.58246e-08 0.257495 6.40966e-13
184 4.58168e-08 0.257529 6.41077e-13
185 4.57454e-08 0.2576 6.41229e-13
186 4.57348e-08 0.257672 6.41381e-13
187 4.57212e-08 0.257706 6.41492e-13
188 4.56703e-08 0.257776 6.41778e-13
189 4.56331e-08 0.25781 6.41889e-13
190 4.57769e-08 0.258195 6.4293e-13
191 4.56146e-08 0.258262 6.43041e-13
192 4.56073e-08 0.258304 6.43193e-13
193 4.55693e-08 0.25837 6.43304e-13
194 4.5538e-08 0.258586 6.4376e-13
195 4.54917e-08 0.258652 6.43871e-13
196 4.54651e-08 0.258724 6.44024e-13
197 4.54394e-08 0.258775 6.44232e-13
198 4.54151e-08 0.259006 6.44857e-13
199 4.53981e-08 0.259039 6.44968e-13
200 4.53659e-08 0.259073 6.45079e-13
201 4.53626e-08 0.259145 6.45231e-13
202 4.52861e-08 0.259376 6.45856e-13
203 4.52595e-08 0.259448 6.46008e-13
204 4.52716e-08 0.259525 6.46216e-13
205 4.52325e-08 0.259567 6.46368e-13
206 4.51934e-08 0.259798 6.46993e-13
207 4.51794e-08 0.259832 6.47104e-13
208 4.51605e-08 0.259866 6.47215e-13
209 4.5156e-08 0.259908 6.47368e-13
210 4.51294e-08 0.25998 6.4752e-13
211 4.51136e-08 0.260211 6.48145e-13
212 4.50846e-08 0.260283 6.48297e-13
213 4.50737e-08 0.260325 6.48449e-13
214 4.50617e-08 0.26054 6.48905e-13
215 4.50777e-08 0.260617 6.49113e-13
216 4.5046e-08 0.260651 6.49224e-13
217 4.50439e-08 0.260693 6.49376e-13
218 4.49925e-08 0.260924 6.50001e-13
219 4.49573e-08 0.261155 6.50626e-13
220 4.4911e-08 0.261541 6.51668e-13
221 4.488e-08 0.261613 6.5182e-13
222 4.48737e-08 0.261679 6.51931e-13
223 4.48685e-08 0.26191 6.52556e-13
224 4.48464e-08 0.261944 6.52667e-13
225 4.48365e-08 0.262021 6.52875e-13
226 4.48253e-08 0.262252 6.535e-13
227 4.48241e-08 0.262286 6.53611e-13
228 4.48105e-08 0.26232 6.53722e-13
229 4.48065e-08 0.262397 6.53931e-13
230 4.48028e-08 0.262469 6.54083e-13
231 4.47797e-08 0.2627 6.54708e-13
232 4.4773e-08 0.262777 6.54916e-13
233 4.47463e-08 0.263015 6.55772e-13
234 4.4952e-08 0.263413 6.572e-13
235 4.48095e-08 0.263484 6.57352e-13
236 4.47291e-08 0.263844 6.58112e-13
237 4.47238e-08 0.264043 6.58445e-13
238 4.47046e-08 0.264085 6.58597e-13
239 4.46894e-08 0.264157 6.58749e-13
240 4.46783e-08 0.264388 6.59374e-13
241 4.46639e-08 0.264604 6.5983e-13
242 4.46597e-08 0.264681 6.60039e-13
243 4.47296e-08 0.26492 6.60895e-13
244 4.46569e-08 0.264986 6.61006e-13
245 4.46556e-08 0.265063 6.61214e-13
246 4.47221e-08 0.265301 6.62071e-13
247 4.46414e-08 0.265368 6.62182e-13
248 4.46385e-08 0.265402 6.62293e-13
